# GABRA5
-3.272596532735960739e-02
-5.761281151476610463e-02
1.918168438880404614e-01
2.426304370223365259e-01
-8.243087006060941316e-03
2.181843110929917312e-02
1.093625521140515061e-01
4.659473462731514304e-02
-1.161149021788033114e-01
-9.044873249629481471e-02
-1.031996532349980650e-01
1.251195877566453618e-01
-2.407668678981406407e-01
-2.643535604390674920e-01
-1.293748253408327775e-01
-2.513099040422765995e-01
3.297025331805521486e-01
3.262603882822904394e-02
2.130130528850436578e-01
-1.853120263689657984e-03
-1.368204720733094404e-01
-2.716610255816453989e-02
2.837447120325463090e-01
-4.611092768754230381e-02
-8.092403167899490934e-02
-1.959948799404357678e-01
6.394956873378020157e-02
1.766119391857037257e-01
-3.104127578306606905e-01
1.732641671563564800e-01
8.737538719180486246e-02
2.750154631863596100e-01
3.476787815627536971e-02
-2.153894946320461523e-01
-1.006655844873242389e-01
-1.082174553782433990e-01
3.087268207169446832e-01
-2.063502538719706389e-02
-2.128501435659938268e-01
9.005046208894567500e-03
-1.375524049188508457e-01
7.669612715809748238e-02
-6.874737922744686425e-02
-2.082545881291309950e-02
1.334027962620882024e-01
-1.099897286262162821e-01
-1.464316343715068858e-01
1.256003483553267686e-01
2.202372086371948978e-01
-8.899700670895914489e-02
3.026943796146576715e-01
4.718225834272523067e-01
-1.767430222296166864e-01
-1.055628032013325723e-01
2.235382494332318337e-01
1.397703330826010060e-01
-1.021338416687933431e-01
2.688656187502381223e-01
-2.039838172802077923e-02
2.344168902610870575e-01
8.635890133462527374e-02
-3.092372617405717006e-02
4.710453657039353342e-03
-9.200189046279230731e-02
-2.654533383329349405e-01
-1.275247998424783036e-01
1.981774461814364563e-01
4.314107394901133680e-02
-2.288086143460631161e-01
-3.156124397100976142e-01
2.776544579316379477e-02
-1.678707886616367662e-01
1.064519202196266279e-01
-6.325633832705757423e-03
2.491740467594044384e-01
-2.093667566454493478e-01
2.426221659955933585e-01
-1.492201603909185381e-01
3.892545397411781294e-02
1.439633846055161925e-01
-7.503291933622133203e-02
-8.944069212797646495e-02
1.102390728047830670e-01
1.827105214108572795e-01
2.335400503452031151e-01
-1.296674947296608260e-01
-2.052907475052817565e-01
-5.990192944930739644e-02
-1.008023027343829536e-02
-1.120818292395703158e-01
-2.765822871714195830e-01
4.174650681506742594e-02
-2.827145295945323045e-01
7.402345107136286406e-02
-2.929215933067957356e-01
-1.345486951301169340e-02
1.373037989253640123e-01
1.659274643047956299e-01
-1.307633871815045423e-01
3.119471129496480949e-02
-7.446871821035902506e-02
-1.424133479263783586e-01
-3.133407135710172819e-01
1.385729103152681385e-01
2.742970472707233903e-02
-1.734853965453241331e-01
-4.822986868974435404e-02
-1.127817067613151314e-01
-2.188120799356796653e-01
-6.489681041942051143e-02
1.133797526532376171e-01
-2.463183912048635127e-01
4.523116880711762766e-01
7.636637288896624964e-02
-1.563459167839645059e-01
-4.370002168590629565e-02
4.959701791692212175e-03
2.360621873108692814e-01
3.418467769576276627e-01
2.153723756195773942e-01
-3.252393255780022252e-01
2.155105958696755808e-01
2.573147763467951710e-01
2.269219770439205586e-01
1.600379530380711957e-01
-8.627464459203917913e-02
-4.824278057762257377e-02
1.635653264548952157e-01
-1.019718811833012218e-01
2.949521183153155923e-01
-1.088510620835771714e-01
-1.477962436075406019e-02
1.360095629011547069e-01
-1.412874218560858722e-02
1.358400531898760755e-01
-5.168128604276489568e-02
2.408654223419525245e-02
1.644131193309536776e-01
-5.189260620153252068e-02
-1.265535679024981652e-01
-1.253882848575698372e-01
7.145762898575987176e-02
-7.778836221905939541e-02
-1.084223848012332292e-01
-9.743031064636011040e-02
1.113936079911264782e-01
-2.424897698712617095e-02
1.431748886318743273e-02
-1.373682593532015404e-02
-1.506123678611537287e-01
-8.817309806603541855e-02
1.437659073356957473e-01
-3.082916187600291402e-01
-4.893162835501428665e-02
3.585220974523428607e-03
3.324755555943769564e-02
-1.578966123941913935e-01
-1.863772840017738353e-01
-1.779956558163801605e-01
-7.437634380772491227e-02
-4.822077811393531144e-02
-9.563267014156826007e-02
-1.285101517327673637e-01
1.363360140087231387e-01
2.216712514127990724e-02
3.920204940495387869e-02
2.718809722257427286e-02
1.081395218617505066e-01
-4.752232460425291627e-02
1.235890566001271867e-01
1.113319656394540225e-01
-1.288936393652570511e-01
2.320147326846424829e-01
-1.188914971492921607e-01
1.137742888845386935e-01
1.912155920838953527e-01
2.901394015644203073e-01
-1.064164962873543202e-01
-3.370972534523541952e-02
2.647392578934363860e-01
-1.678604705351492699e-01
-1.935526903582132918e-01
1.026969916110577474e-01
-2.664423578048845664e-01
-3.208512836380234684e-02
-9.879025065157272245e-02
2.452107839425679003e-01
-8.145908744714111874e-03
1.596643245888636486e-01
-4.570310347827977182e-02
1.662857213084652785e-01
-2.356268782428267983e-01
-1.583419127484338162e-02
1.550135724786631253e-01
-5.814630487977526935e-02
1.103585513806722151e-01
2.609307174345750768e-01
3.333085121170247245e-01
9.347603382661598403e-02
1.431368341914418807e-01
5.018065785976145304e-02
1.158416318714460130e-01
3.185190522255251233e-01
-2.130180085977834148e-01
2.108603040152025876e-01
1.488870249784761401e-01
-8.892575327213744774e-02
-5.054876453412431025e-02
1.800016822605462474e-01
1.292406425899796929e-01
-1.331657910466795269e-01
-2.254727058073322243e-01
2.318018257427222062e-01
-1.574004110586621208e-01
2.621423945671491618e-01
-2.807067251741529601e-01
1.450961641881623465e-01
-1.778961263394671366e-01
-9.603823415073622222e-03
1.901561503925166263e-01
-2.112600899972824284e-02
-2.631620960313246771e-01
3.744411339845702402e-01
9.664319984032159134e-04
1.405802284908770627e-01
-9.975502255637980209e-02
-3.845202231245769403e-02
-1.100842023373783778e-02
2.590462490592272682e-02
3.189982205239981772e-01
-7.853565346366102318e-02
-9.072186692236682004e-02
-9.006748319946224213e-02
-1.796082910489954776e-01
7.031824122022101164e-02
-9.441593586961248563e-02
2.882144548975293374e-01
-1.746680114483152302e-01
-2.257923665050409479e-01
-3.516489822070008320e-02
-1.036848687394656271e-01
-3.966857695714002263e-01
-1.938231305749521238e-01
2.807225372223855486e-01
1.111587306433842459e-01
2.912823340464181787e-01
2.493562674661306267e-01
2.999146696862786121e-01
1.208321977609047165e-01
2.641439105003197119e-01
1.651116670180818313e-01
9.512233641876781387e-02
-1.572083829305361835e-01
-1.026689725827799882e-01
2.130031834991137907e-01
1.829306094413795658e-01
1.032275373873918906e-01
-1.959457223214531307e-01
3.841153812211815528e-03
-1.816256873437447628e-01
5.474200892693453085e-02
1.096125010122657867e-01
-1.307193968799785083e-02
2.965795327601175937e-02
-3.219339845189459481e-01
2.262606179228517644e-01
-4.704896022231246089e-02
5.435883295389098285e-02
1.053051991360726136e-01
1.646397073679572165e-01
2.826286486941101406e-02
1.343708397558370515e-01
2.381254190492392286e-01
-5.136320712440705510e-02
-2.062724379797541141e-01
5.727911349744888025e-02
2.439687064566120611e-01
1.996060154045560808e-01
-1.109794462607145531e-02
-8.349980735286982592e-02
3.861025995651300863e-02
3.172790404471122205e-02
-2.381144170088652368e-01
-2.435842925972192263e-01
2.938171847088187350e-01
1.351858775511355706e-02
2.341869482545390624e-01
1.212914234639591859e-01
-3.078269024385434788e-02
-3.880472313142285801e-02
-7.810794807955737107e-02
-4.145499244919324811e-02
1.126596893247504422e-01
-2.019064053388360258e-01
-3.568829823122164624e-02
5.575675276806903169e-02
-1.121231986649045692e-01
1.324046965771154272e-01
-6.216478872565716490e-02
-1.018172946950874763e-01
-2.028900429097493796e-01
-2.318207299389794529e-01
-3.264542176780496543e-03
1.461222572871679337e-01
-2.023586067506172592e-01
1.747717402276336568e-02
-3.040094051567263644e-01
-1.062749590997724009e-01
-2.284672066108688615e-01
-1.284051688933844360e-01
-1.243936447925910599e-01
2.040963499895240285e-01
-1.109618470566155202e-01
3.432826467119891589e-01
2.312412665154740254e-01
-2.831649488040434703e-01
1.054522845218081734e-02
-2.198740521181945240e-02
-7.446733243798214774e-02
2.193718005028714307e-02
-1.426675069569061927e-01
-1.329957364552927512e-01
-1.644293042799623017e-01
-1.197547265931787480e-01
8.513251841316077373e-02
9.606485924305289970e-02
3.225426862691058161e-01
-3.149301523831081751e-01
1.241976888650821592e-01
-1.275601542327134963e-01
-1.186029897669757249e-01
5.019626417856992706e-02
2.666159867648222256e-02
-2.661717946936766888e-01
3.460824138637499936e-01
1.493469499835468339e-01
3.282768806958571983e-01
-8.464801982186553886e-02
9.517382259813945977e-02
2.501830006392740668e-01
1.867776151619888331e-02
2.217783252036475972e-01
-2.243755956491129133e-01
-4.301269543693238273e-02
1.126235307283131870e-01
1.223505734875295486e-01
-2.084454071472208181e-01
-1.950517959835141035e-01
-8.366884143129689477e-02
6.881423565150881615e-04
-2.087229329344850726e-01
6.451321803035792168e-02
-5.697241011900911617e-02
-1.382518509142822150e-01
1.024844836232006590e-01
1.126664803717379593e-02
-2.426204543139333092e-01
3.499881925822800333e-01
2.212048003638522053e-01
-4.056852701607408678e-04
-6.641752184707409856e-02
9.147870002471851503e-02
1.472552483289533976e-01
3.068552771409737145e-01
1.562786461362639101e-01
9.390843226723639969e-02
-1.469021805008086934e-01
-8.487539845149871809e-02
2.752436392177702862e-01
7.018893347594362675e-02
1.666192473910177441e-02
-1.337965597500990859e-02
3.041050589219350744e-02
2.925606549948024937e-01
-1.006513888535934126e-01
6.268576630378286385e-02
4.194667833825268394e-02
-2.719434310099347676e-02
-2.434526151938606539e-02
2.577582061016018833e-01
-1.921757625606813208e-02
2.507139354445491186e-01
-9.526504329650266334e-02
8.983847449325446655e-02
1.031294105221813168e-01
-1.255492228675949284e-01
-1.051500609481416937e-01
1.409084700867489770e-02
1.398530252734554724e-01
1.159237290037394147e-01
-1.691801178360471392e-01
-1.157969016604042112e-01
9.788876510517212359e-02
2.993991444595263673e-01
1.471308747842512976e-01
-1.364327373461015347e-01
-6.795555823634460979e-02
-5.955453938139258080e-02
-5.884388136099619887e-02
1.198201746106098697e-01
1.326952995449767192e-01
-6.438694820289436738e-02
7.792922594825602012e-02
4.264092916881879330e-02
7.409062682462649874e-02
-8.937352870933595872e-02
1.846925678357876077e-01
-2.652606941416537079e-01
-3.843764406535622458e-01
-5.512145689210806027e-02
-1.030791030848735440e-01
-1.322453658242686222e-02
2.357005433611517320e-01
1.400121723416265507e-01
1.788034448668270326e-01
6.675942098635982702e-02
1.321980023457928199e-01
-2.269742738397779735e-01
1.509528817956369284e-01
1.718306112821178511e-01
-9.761201384749116847e-03
1.181709649649812649e-01
-1.905558807641993813e-01
2.826469271313343610e-03
3.308480264585732245e-02
1.539922261990207264e-01
-2.728733289961166389e-02
-1.275375319363123428e-01
4.591064038026774763e-01
-2.719585004999993672e-01
-4.416563733615667259e-02
-8.839504610237608473e-02
1.030455229641453752e-01
2.317712250619506364e-01
-7.436140307873743971e-02
-1.683050049777121415e-01
1.404387691966239582e-01
-2.007106985631416096e-01
-1.120073698113792093e-01
1.113620686148522887e-01
-1.231307973987191412e-01
-9.547682126035228478e-02
5.946693385496395340e-02
6.242513922887916317e-02
-9.395016109065738863e-02
2.199060309769834687e-01
-3.142772262111019899e-01
-2.711539527718712650e-01
-1.517930695100555838e-01
-6.304899375901631964e-02
-5.264927749534185214e-02
3.206083068932907287e-01
-2.437424058860549192e-01
1.613332780093809926e-01
-1.702220535868786133e-01
-7.756573193487570350e-02
2.374943269105348476e-01
-3.446280980463251736e-02
7.677897378066858569e-03
-3.921277445796836000e-03
-1.707939677430906078e-01
3.687777704036708515e-02
-1.180154824009252701e-01
-1.089564464580326797e-03
1.680952901868499605e-01
-7.038985962908786420e-02
-1.125752395625166519e-01
-8.325565458218089909e-02
6.128160803031236503e-02
8.465917605130596213e-02
-1.244648287535323437e-02
-2.346887106186915373e-01
2.172370117374671644e-02
-2.430668816959289172e-02
2.135853924823237493e-02
6.332790689665708517e-02
-7.831330294688590432e-02
1.786360390438423290e-02
-1.060119343270608250e-01
2.111854884059854165e-01
1.546212425217784354e-02
-1.764238627730204123e-01
2.268740812697291331e-01
3.713731218962741665e-02
1.904838701802305523e-02
-1.696244264746525664e-03
1.790594344269764715e-01
-1.989296747982216840e-01
-3.232937088039202211e-01
-2.999226225998813944e-01
-3.286280637715175562e-02
-2.483206540718862765e-01
-3.341185138078725525e-02
-2.337465538322575087e-02
-1.524030384958369455e-01
3.608582845629942359e-01
6.805900658629222832e-02
4.698159416956797230e-02
2.685531659832481877e-01
-8.238019640560077794e-02
6.812907881065623228e-02
-3.556671995060133734e-02
8.007273410513336687e-02
-1.545418221771312772e-01
2.029899436716045835e-01
-2.169267193952053030e-01
-1.012326457896031012e-01
6.453617846963756455e-02
-6.522675654476667306e-02
8.646255153650858616e-02
-1.871291102615914997e-02
1.854901917203023998e-01
-5.534683331924313693e-02
-1.347969186002240249e-01
4.618095959458784483e-02
-1.752319622252761222e-01
6.707309884825857216e-02
1.261080050635259853e-01
4.478193233231479720e-02
2.959342419407502978e-01
-1.563982116426178848e-01
-3.393705256803388748e-01
-1.640426910836522145e-01
1.078262950570999940e-01
-3.403892051125086832e-02
2.309198038718786039e-01
-6.769134556979558570e-02
2.557729364558506968e-01
2.090502147327585047e-01
-1.879098255321711430e-01
-1.460786342791417503e-01
-2.197878373009956240e-02
1.250950392155839030e-01
8.365147030214205998e-03
2.739076159901855934e-01
9.316137829665571690e-02
1.191429835272505705e-01
-1.969930185662875921e-01
6.642814117611084423e-02
7.735935293449212879e-02
4.420936181153994893e-02
-7.864736775996412910e-02
-2.356153840248220166e-01
-2.238946387080805733e-01
-2.774232156334451201e-03
1.575408149041257200e-01
1.390137716818132807e-01
-1.260421956739922744e-01
-7.698176459001331018e-02
-1.994041629176799765e-02
-1.945222093289894136e-02
-1.495462681658757120e-01
5.725553902185367278e-02
7.324895870957473520e-02
2.874684164813158804e-01
3.525489572666041238e-01
-1.170234093223419258e-01
-2.697831523958885147e-01
2.394219459516367110e-01
-3.803431268506807239e-02
1.191373809327792022e-01
-5.912406781590177907e-02
-4.327761988713536151e-02
1.744634537094754898e-02
2.694037548217608213e-01
-2.800753602941756970e-04
-1.432833164976967388e-01
-3.441321368520121327e-02
-8.502929421919307174e-02
-2.553798512985795410e-01
-1.597307367193733230e-01
1.083548284810342266e-01
1.323158458139515881e-01
-1.011710125634922436e-01
2.988622778712197725e-01
-2.892520202669056351e-02
3.479583878328679908e-02
3.523859048746011413e-02
3.354977793740890335e-01
-1.411858476332319423e-01
1.090571476050276323e-01
-1.167581590023607013e-03
1.893110056719647105e-01
5.410487150075009299e-02
7.227113400220330774e-02
1.945598203530635173e-02
9.544789988655515145e-02
-3.063773069224142720e-01
-1.625891596530524008e-01
3.925121259582663169e-02
7.461816325660880489e-02
-1.136967304104925386e-01
1.898874185734941711e-01
-3.414429725473694388e-01
3.403961505775122270e-02
-1.163859796144855324e-02
3.780038094967714257e-01
6.173835182978678997e-03
-1.689763236742408969e-01
2.118620348798582465e-01
-5.638604249991925610e-02
-1.134354985914344527e-01
-2.549352060845970214e-01
-2.939334137843754302e-01
-1.730283305907475977e-01
1.426978666684158847e-01
-3.957610795474895971e-02
-1.038994842720233486e-01
2.539753082280368779e-01
-8.758256001252953671e-02
5.614646155877846961e-02
2.467856204986588753e-01
-2.113390071646749080e-01
-3.144045251047352663e-01
-1.110908250895540211e-01
7.994541959495376354e-03
-3.849420735600286164e-02
-1.392246441016307956e-01
-1.936683081557101505e-01
-9.225716440146154718e-02
-2.003937875277333747e-01
1.427763326858087212e-01
5.211086230199431235e-02
2.552770176574705729e-01
1.202255554466766380e-01
2.018545514162417565e-01
4.199213825846014880e-01
3.492614582791218891e-02
2.474575086282378850e-02
-1.456721251400688588e-01
3.397303265515410719e-04
1.176445181119106786e-01
-2.113700862801864977e-02
-1.306555994806081200e-01
3.147818855242562677e-03
5.466096437383813345e-02
1.847575207646248718e-01
7.268370070091588475e-02
-1.954829258496168232e-01
-1.400426483430247671e-01
-2.119227810246241631e-03
1.305515859604144679e-01
1.763918854613982512e-01
-1.464072069231135420e-01
7.019238172044563184e-03
-2.097675343031616402e-01
-3.261694965216447445e-02
-3.050168749902399945e-01
-8.572998485983918115e-02
-4.322399437068222966e-02
-3.771938216787286136e-01
-1.214776615725995379e-01
-3.739101266404164237e-03
-3.776191176828763707e-02
1.835143752045339804e-01
2.928988659629406799e-01
2.740437872625487437e-01
1.947091101070006491e-01
-4.839763333713811150e-02
-8.210528401607407323e-02
1.012397709382254346e-01
-2.196289178578177126e-01
1.197768833077684225e-01
2.698231388348438370e-02
1.850219907818827225e-01
2.781268928033405613e-02
1.318029413644552228e-01
1.033730161324603915e-02
-2.164445191323301765e-01
-1.135457175936795265e-01
3.915417287976813987e-01
7.868852418442121022e-02
-1.277769037857113266e-01
7.419069649673259992e-02
-1.632308753888470354e-01
1.572131658469438226e-02
1.643149356287423590e-01
4.574342514626448392e-02
-8.584621613983867139e-02
1.820065651405328999e-01
1.996177811647895650e-01
-7.559853991256294814e-02
8.148070080689076566e-02
3.553129718498668210e-01
1.954299499979362253e-01
-3.146209842885369645e-01
3.453643826196390876e-01
4.403957115913968712e-02
-9.372716769333003239e-02
-2.820181647498956612e-01
9.546909578476858727e-02
1.235566326254944336e-02
1.190586038477478292e-01
-2.672759406667069709e-02
-2.616061453989334540e-01
-8.900427190578716341e-02
-1.864259751176925162e-01
-2.445545536208851289e-01
-1.019898316841770514e-01
-6.030742363899765923e-02
-6.327172756406160281e-02
1.268441894096807021e-01
3.869742313994476574e-02
-2.040486810903331671e-02
-3.860919508683824941e-01
5.986672673481855528e-03
-2.764524712819721453e-01
-2.192291010566406184e-01
-6.875186302334609922e-02
2.760138747289879180e-01
-1.357006000385340971e-01
-6.751137605059699676e-02
-5.180660563961934223e-02
-8.506448779515166092e-02
2.706599737165557573e-01
3.004394927871240073e-01
-8.137352487702847548e-04
-2.561499275671126272e-02
1.030203511809045687e-02
-1.909514053291777036e-01
-1.383441509192488011e-02
4.877836130285888999e-02
-2.710336918214124036e-01
-1.216724440177315014e-01
5.098245043802734173e-04
-9.420838964187522313e-02
-1.969477937592151728e-01
3.527739653588746749e-01
1.924186382780403715e-01
-2.938993689786147390e-01
-8.008153577392557176e-02
3.030282245883799130e-01
4.562620880057652317e-02
1.139531039742789770e-01
-3.476912496503126865e-02
-1.423819099400896737e-01
-5.680903921701396797e-02
1.087641027663454885e-01
-5.651139808394430725e-02
-5.445212856278276725e-02
1.427042571350665978e-01
-8.354666821499889817e-02
2.447620908757872082e-02
1.854007593473129198e-02
-9.911073058209429743e-02
-2.491806426359269300e-01
-7.193451259985562951e-02
-6.200308533481755507e-02
-1.765575089550970866e-01
1.187793685819062417e-01
-1.291557914396549989e-01
-1.639562631908753343e-01
2.603666893813820216e-01
1.836615505960807748e-01
-1.510759296594699208e-01
3.179845026231157834e-01
-2.638940299253746957e-01
-6.263867281577548130e-02
2.686470183666503364e-01
-1.055208075427939984e-01
3.478657052407275185e-01
-1.543634552232720503e-01
2.431161991783417631e-01
1.289749301983579566e-01
-1.634788108126947193e-01
3.616017492173041470e-01
-1.239381743173168793e-01
1.430227142815381491e-01
1.833855694635886102e-01
1.106744317281053436e-01
-2.328970082458320726e-02
-2.255231246136051027e-02
-6.646681303264458107e-02
4.567145720638082773e-02
-2.924112958632139048e-01
-1.661564872347527921e-01
-1.613207954123750676e-01
-3.156163060979428892e-01
-1.403833363091279152e-01
-7.267159986028272345e-02
7.777309768169098081e-02
-3.377025017814732494e-02
1.393346917369888416e-01
-9.894184365034937312e-02
-8.633592916811073936e-02
-8.727233652466354075e-02
-7.982601628125744753e-02
3.657795220857519569e-02
-5.739285161523016016e-02
-1.241394656024250726e-01
2.535624288275119542e-01
-2.002150411826783827e-01
-2.714047308351982823e-01
-9.223388543261930306e-02
4.634736552137962151e-02
2.343882925841833109e-01
-8.045574398595867205e-02
1.519882540006671501e-01
-1.792106596565670451e-01
3.324871258169663224e-01
-2.312229861475915971e-01
-3.209458459844339445e-02
-1.416555976626627245e-01
-2.030488138129370179e-01
3.828274549466962329e-01
1.657889853699453797e-01
-1.723702052955674024e-01
1.355427622789674991e-01
1.271572090180545511e-01
2.343516505476215539e-01
-3.344794373391479225e-01
-1.717069242090046299e-01
-3.228056450845951525e-02
-8.004254438097604951e-02
-3.854178599037007963e-02
1.090568045411473286e-01
-2.491337009120459800e-01
2.398749517386316588e-01
-2.513327923302248121e-02
-8.414528577588914482e-02
-3.124967082900602725e-02
-7.852124729856180957e-03
9.379776739041605083e-02
1.651824894006257427e-01
2.264712705257634628e-01
-3.074269058670503485e-01
-1.135209512256659531e-01
5.194668900802724455e-03
1.186980641836242328e-01
-7.339942066777019325e-02
1.109774035392561142e-01
-2.092103333726106629e-01
-7.847313254934436266e-03
2.243355625561787581e-01
-9.864147410398445281e-02
3.390053538735075811e-02
-8.066171962568823017e-02
3.713895640302913165e-02
1.283169508509780787e-01
1.136706281333405705e-01
2.796296883643471509e-01
2.438208187765816132e-02
1.397071313578515661e-01
8.835317019530890270e-02
-1.444391993562330889e-01
-6.776634657994018429e-02
3.602971118964895525e-01
-1.013907017041009578e-01
-1.285646929658671722e-01
1.229415550652893097e-02
-1.541948668154234092e-01
-1.371354754577290280e-01
4.126574816685753544e-01
-9.516859969563461197e-02
1.066743334021369866e-01
-4.063947761434279389e-03
-1.246312158617968596e-01
5.031153515802441051e-02
-1.997469680924618129e-01
2.784503373585558647e-02
-2.553562809467460615e-01
-4.677050787252497871e-02
2.191598943427860990e-02
5.585167567216062223e-02
3.646115399135161500e-02
-1.041896923168067340e-01
-9.603939629500822528e-02
-7.635519396559325989e-02
1.836766784153261445e-01
-5.761923463807204493e-02
-1.023907402485367824e-01
-1.986000334638615694e-01
-2.292739461774588317e-01
-2.588697494130354215e-01
-1.083680081306093307e-01
2.171291576959983038e-01
1.055862263003069269e-02
-3.428029968950334350e-02
-1.924341586158397899e-01
-2.819251842834231969e-02
-2.512722515420559022e-01
2.681682594749472126e-01
-1.693489719664016124e-01
1.981219484434579015e-01
1.493300333742737449e-02
8.925293843195168664e-02
1.501051987019144940e-01
3.809492022637108594e-02
2.586948419748337780e-01
-1.670171910300883855e-01
-7.153509571629663999e-02
-7.371993642924040691e-02
-7.450213716348180748e-02
1.119217619729131474e-01
2.096207658023559739e-01
6.670136827010257619e-02
-1.198462041815858137e-01
-1.358677388087366489e-01
1.542688600783205695e-02
-2.211355399011037670e-01
7.339403336673119838e-02
-1.786474585315485919e-01
-8.484394091315214381e-02
-1.930881425774610138e-01
7.017875959962402432e-02
1.663246277361527664e-02
-1.361851711484982630e-01
5.409290293684764633e-02
3.857083091720145962e-01
1.457209127365651502e-01
-1.310781804054342824e-02
1.922337691318087155e-02
6.586486598791687144e-03
-5.554629988584355860e-02
-8.849846315268983243e-02
-2.999983076173823870e-01
-1.689316334946664444e-01
-2.288973285313249950e-01
3.255224545203531106e-01
3.042391719979746778e-01
6.697066013280789099e-02
4.142746907191740408e-02
1.514648254367240675e-02
-1.729784416324875174e-01
2.032841070380206894e-01
1.686600056610242440e-02
2.163898378968384384e-01
3.719191797330078098e-01
-1.124885332954185108e-01
9.288204058279682504e-04
3.168253379514548995e-01
-1.079096641955753708e-02
-1.095073591939141194e-01
8.164933471781866958e-02
-8.089833691588881048e-02
5.706243282602139338e-02
1.409183657903915199e-01
-1.319178408476242848e-01
1.635528776609396773e-01
2.065781641740736529e-01
2.117354577573302143e-02
-6.966972790648850999e-02
-1.033917445276069935e-01
3.623727750798449443e-01
5.906893325834235847e-02
-1.493273997612716009e-01
1.072924041866425982e-01
1.953478704728780213e-01
-5.505851703018636856e-02
4.195729654352073346e-02
-1.349485986276299787e-01
5.966270539956250452e-02
1.562459313583777765e-01
-2.257371981219628010e-01
-2.951749044194245872e-02
-1.896343387152418236e-01
3.131912151435742864e-01
-1.342103783691215961e-02
-1.330229530921278602e-01
1.715609564231041287e-02
1.100700814627523644e-01
-4.182570728224793699e-02
2.831930728009684692e-02
-1.008822785162567792e-02
-2.212491963702233888e-01
-1.641053380192597777e-01
-2.307156224912166875e-01
-9.547908072161305493e-03
1.330318451779853584e-01
-5.991026646551599749e-02
6.667835081614170711e-02
-1.003210877946051835e-02
1.224620215020966185e-01
-2.272594938696724520e-01
-1.255154021158632616e-01
1.233655214699692498e-01
3.043857224737152589e-01
-4.201421902768796152e-02
5.533243701103377626e-02
2.467234244383943731e-01
7.440938590618110214e-03
-1.147748279082940887e-01
1.788636292444952258e-01
-1.323470687407275193e-01
-1.234058115573709591e-01
-1.610052299784071328e-01
-6.473240689338821685e-02
2.021498064307752363e-01
5.785795112067131790e-02
3.245759456993680958e-01
-9.364846867143318543e-02
1.168002331897046164e-01
-5.488828635970800784e-02
8.163676969553738949e-02
-2.001414462301596281e-02
5.812600568597857398e-02
9.154172191263056091e-02
-2.444255665723197024e-01
3.786836572283576730e-01
1.161725905158041000e-01
