# GABRA2
-2.458873949306302972e-02
-8.412045344008757530e-02
-1.477510812205574953e-01
7.248695131635048139e-02
1.060852758262438439e-01
-7.720239629352351751e-02
-7.013925653807720484e-02
-1.181098234776065958e-01
1.387394125805809231e-01
9.776924379465033732e-02
-2.201826053640442982e-01
2.120151323123925236e-01
1.196987463682610692e-01
2.544299352679334492e-01
5.922469484919035826e-02
2.052530184884202857e-01
1.599664410719104117e-03
3.365912382546904641e-02
3.804606870758172471e-02
2.143745372878732292e-01
1.372657627101186717e-01
2.797184706063855081e-02
1.816876292370205037e-01
3.732671505810222778e-02
-6.249197879754225110e-02
-8.377909283324674883e-02
1.097159574892168088e-01
7.760949344689965779e-02
2.224970439385405285e-01
-6.978192496330613837e-02
-6.565103361376617430e-02
7.642410115481583206e-05
1.919948995896157695e-01
2.483559085659447219e-01
-3.254310788489810369e-01
-1.687421136374626651e-01
-1.069324424710542745e-02
-9.113072657629593676e-02
-2.390256085744650871e-01
1.067620993285654102e-01
6.724418099825943407e-02
-1.159959797569161538e-01
-1.082512609303708240e-01
3.327934756478166667e-02
-9.939010549856160115e-02
-4.024056379205122325e-02
-2.224744936390383176e-01
-6.206110557863740024e-02
2.238855065333728855e-01
1.106311850486292464e-01
2.584174287372378309e-01
-2.129526369075643299e-02
2.562065830047834947e-01
-1.110756606200486857e-01
4.884050846751643304e-02
8.564091453331128256e-02
6.216362266089843491e-02
8.658481037800204450e-02
1.006623549741071932e-01
8.214977341630103069e-02
8.967017702294469150e-02
-2.443481469287078212e-01
1.362658356778742030e-01
-3.306570183393043316e-01
-2.448244812376738910e-01
-7.669360982790142389e-02
6.509066656727899303e-02
9.311220698812180258e-03
-3.268111390563480656e-01
8.915056922172549803e-02
1.163326255446560514e-01
-2.406568993768041231e-01
1.073591290419533380e-04
3.028683394433129838e-01
-2.148866435256548135e-02
4.706364225770699045e-02
2.277846923252550282e-01
-2.042320089314023368e-01
-6.106665177497351549e-02
1.120195092462044212e-01
-1.726939797827003464e-01
5.063336581996302072e-02
1.592657319659811499e-01
1.437985670189534937e-01
7.435602471353180976e-02
2.205481734260976712e-01
1.285929591303851044e-03
-1.673419313574532885e-01
-9.504638363095724643e-03
-4.106482373906678723e-02
1.661511690752979775e-01
-6.682495679454553139e-02
2.206432219826214569e-01
8.680576296552418303e-02
-1.192959529410693581e-01
5.808988262863783864e-02
4.803616852091313616e-02
9.887545940300818126e-02
-2.945729440849886305e-01
3.780118775735579195e-01
-2.380617941720423666e-02
-7.291138790997306329e-02
-6.367253802684141872e-02
-8.443168301624674743e-02
-2.907947963286364179e-01
1.163882446299380619e-01
-2.026536986446390021e-01
-2.669541266095205173e-02
-3.501768083701340545e-02
-1.421206123557789969e-01
1.699028312497924131e-01
-2.528610637724933441e-01
5.889372044159146315e-03
2.701938649886217320e-02
-7.170739125872836219e-03
1.740421838052944037e-01
3.543701217098022549e-01
-2.314612054562498744e-01
2.731866431200042911e-01
1.122782477579195581e-01
-5.522452182760109740e-02
-2.863080926968945006e-01
-8.538293613819328276e-02
-8.463119594613328911e-02
-1.603152558379879744e-01
3.626672769767130822e-02
-1.527854113811654702e-01
2.191912182637415496e-01
-4.855551537561228481e-02
1.729390694504517045e-01
-9.580288080878096926e-03
6.116347174750903781e-02
-4.014729101405740963e-02
7.364358329830014704e-02
-2.136041562322441578e-01
-5.635324537274035567e-02
1.853624933809350783e-01
-1.047731020365358090e-01
2.586091392176627091e-01
6.463397297039873146e-02
1.079248144830077250e-01
-1.935385176296485210e-01
-1.306699743808582004e-01
-5.750758317166311528e-02
-1.962255056136298637e-01
1.387316855767316802e-02
1.643131889306619908e-01
5.455845349909456410e-02
-4.608174773827538456e-02
-1.858473842456366890e-02
-2.811137398442423718e-01
2.862981793092829741e-01
2.675056395957347080e-03
-3.326860247440443369e-02
2.157363014020807490e-01
-3.047996047985709334e-01
-1.214464268585373624e-01
-3.294308850834834490e-02
-2.442000234510526696e-02
-1.601568484406329651e-01
-1.472742655655886745e-01
2.174603977201274574e-01
-2.456732345924461658e-01
-1.307052525073710281e-01
3.115908493883421393e-01
-1.831243121005705354e-01
1.134941361161472956e-01
-2.370510739964356572e-01
-1.734200957928268005e-01
-2.283910696342545121e-01
7.428333196734220045e-02
-2.704825550944824353e-01
6.361322179423539724e-02
3.709139017347942019e-02
-6.821796787620151153e-03
1.110762003133406312e-01
-3.226641069309157256e-02
3.216004715710778922e-02
9.765176434499298064e-02
-2.209713204118168156e-02
2.900067097367042268e-01
1.136148421265770481e-01
3.538989436181254611e-01
3.001392640046933735e-01
1.037214936721221788e-02
9.313625990242152541e-02
9.854923835856042869e-02
1.380803524429720652e-01
-1.169609816679432895e-01
-1.734429837390096540e-01
9.490360740101415685e-03
-5.557807100369546727e-02
2.335495978155116836e-01
-2.044750105740620050e-01
-3.871684588665685878e-02
8.721147431489573165e-02
-6.619467044121430874e-03
-5.831294113269075430e-02
-3.282867723286388845e-02
-1.125663099603479572e-01
-1.903116729891328462e-01
2.031459411619871425e-01
4.051900424614147261e-02
-5.765052135042899456e-02
7.652388026874872018e-02
1.627603199084400043e-01
-3.252915684424164677e-01
6.461642815658817651e-02
-8.668904627329337975e-02
-1.357100608974608734e-02
-2.272063002909304463e-01
1.780636053133895225e-01
9.604804159569828303e-02
1.298698138042905514e-01
2.486197765829678205e-02
3.323143313297079182e-02
1.081500493709701693e-01
-1.018277938369561153e-01
-3.509285939389620856e-01
-1.730399014854381579e-01
-7.663574015746196788e-02
6.858486511817819820e-02
-4.651602148805488585e-02
-2.095331678184934043e-01
1.702371153940045734e-01
8.306788966646026784e-02
3.435531563115609699e-02
2.019408909905622343e-02
-1.790625316593774663e-01
2.062418235163935576e-01
2.369318331938673472e-01
1.424815495166477097e-01
7.575164625601350787e-03
-2.600978893551893489e-01
-1.132259010784793657e-01
-7.031119304756490440e-02
-1.192188160525625568e-01
2.553702351868791243e-01
-1.934297296893324192e-01
-5.000548890909951166e-02
2.105150873108836140e-01
1.690089760405590058e-02
-1.478968436382355200e-01
-1.281403069672959125e-02
-1.327797804044021819e-02
-8.663798730524373271e-02
2.155346901157346451e-01
-1.515533844239647931e-01
5.348226222528904700e-02
2.981592693248953652e-02
2.069058415490132932e-02
3.466699557838188138e-03
-1.134476244654547133e-01
5.275327591317953424e-02
1.394173062294148391e-01
4.225838147194559136e-02
1.208172609763757399e-01
1.045663837311032983e-02
1.081701844280894553e-01
-1.049909941025408550e-02
1.803780458556215605e-01
-8.621722166746991281e-03
-1.949332135773376717e-02
2.456859655238051998e-01
-2.748023329123621891e-02
1.563709668677189524e-01
7.617348700960112351e-02
-9.325182926388625448e-02
-8.024821371397140857e-02
-1.990225014847496754e-01
-6.068696918761688069e-02
-1.255217374266330843e-01
1.920093416518653673e-01
-6.479890936247675870e-02
9.662754696018424627e-02
-2.824755178637486930e-01
2.825973683408823309e-03
-1.578625705643678656e-01
-1.569694162707306051e-01
3.101792125327324998e-02
1.785259351469022648e-01
-1.042842881071605332e-01
-1.787149879115854378e-01
-1.456027559703047813e-01
6.761646182226498103e-02
8.195248092721897637e-02
-2.359387150863767046e-01
7.611842019525358327e-02
-6.115352465035343854e-02
-1.913374947958925570e-02
-1.148412126487105001e-01
2.640515961858655100e-02
1.870528323915502389e-01
1.888744658485017394e-02
-4.483011929285206365e-02
4.500938652303020093e-03
-1.936583562596384811e-02
1.764164454438469920e-01
-6.145261030248640177e-02
-1.194735107460241225e-01
-1.295586016949084041e-01
1.973827315658311377e-01
-2.925773845998652645e-01
-6.183307163402223389e-02
2.197834876877032828e-01
1.897836169608873580e-01
-7.275184069233947559e-02
1.225185030226670219e-01
4.650448141124253511e-03
-1.745053604806950653e-01
-7.747810434072374686e-02
-6.900435209812042642e-03
2.264970671610151143e-01
1.538242635956341420e-01
-8.577771278729565130e-02
4.270041534018544777e-02
3.382512098422799790e-02
2.228615622240355532e-01
9.396918775540639979e-02
7.687165409433334602e-03
-1.290115590573928661e-01
-1.121703046569995921e-01
8.560277222158300947e-02
2.914580694604517186e-01
5.163856986939135973e-02
6.363370050075811690e-02
2.135312283806671541e-01
-1.058950439433270080e-01
1.556028897246609088e-01
6.478535206355126586e-02
-1.629185156070087348e-01
-1.154530695951155039e-01
-1.142790429558313697e-01
-1.015031370322109355e-01
-1.480169108261145394e-01
1.262179412363377551e-01
2.465526282991195028e-01
1.074743543778947097e-01
1.622818849712556744e-01
-9.357262277217523114e-03
1.553357802253031716e-01
2.002981315690690323e-01
-1.375304315323002124e-01
1.996943712183129882e-01
-1.779826959267390152e-01
2.155228083086019875e-01
-7.290138901288233325e-04
1.891604045896844999e-01
1.675425892778637238e-01
8.769710761717613989e-02
1.130664248467772200e-02
1.305101163080832349e-01
-1.584420249316172702e-01
-8.266030260346536596e-02
-1.265708797743698988e-01
-7.380887485647077972e-02
2.518880765960840873e-01
1.688992884410233652e-01
-1.607205090728986152e-01
6.719353273081654643e-02
8.897553595546408081e-03
-1.610069327144585671e-01
-1.860473627882143488e-01
1.901428146366958283e-01
-2.564666340176312009e-01
-9.968781324961543955e-02
2.443161806318880358e-01
-2.512494460126387108e-01
2.018142829340362765e-01
-9.077032652794725376e-02
5.955811774991983006e-03
1.844888274053070876e-01
-6.922081344576921924e-02
8.412063101755805350e-02
1.723811567550230864e-02
2.164984768168885451e-02
-2.300395137614203583e-02
-2.122281766834974992e-01
-2.162540264278001445e-01
3.055227536126780066e-02
1.279789820411621031e-02
2.675823345017573907e-01
8.815179029386553677e-02
-5.690821063641635785e-02
-1.685727730186480922e-01
1.394965951362743817e-01
-1.554816504730309190e-01
-2.311730732527194632e-01
2.481207859896973969e-02
-2.583489233539017493e-01
-1.544395077890961532e-02
-1.104464394791442594e-01
7.434977495022826455e-02
-2.455677053861881620e-01
-3.194309476305511319e-01
-3.147212756637370323e-01
1.147103065504490454e-01
-2.829318140106092949e-01
-1.697673074311985275e-01
6.833998546567132681e-02
-2.792983984596402597e-02
-4.727630098172180134e-02
-1.065073826131688189e-01
-5.635395328325363412e-02
-2.537496429496927802e-02
2.193150242930185650e-02
1.952934541793001910e-01
-2.839925539408104660e-01
-6.171527945186560532e-02
2.607166344682415038e-01
-5.742724364656484615e-02
-4.884620634675007622e-02
-2.210231256513328357e-01
-5.985099300110294229e-02
-1.334351613693746386e-01
6.869841795411731067e-02
-3.935950228408012681e-03
-3.379153340436732988e-02
1.706113075658885758e-01
-2.114042954753248549e-01
2.035948524608382215e-01
4.201003490668378526e-02
4.119766082538103141e-02
1.258640048108745080e-01
3.316487441154416377e-02
-7.482414917351991324e-02
1.905346336161516108e-01
-1.210491866408677092e-01
-9.642013414270832194e-02
7.952303638249516582e-02
-3.687022788505730370e-02
1.818102800696936860e-01
1.126572786551584965e-01
4.587246632634262022e-02
-1.362675566546678041e-01
-4.042635205745476190e-02
-6.578645568295976576e-02
1.280452860872314802e-01
4.910201027832202664e-02
1.121554164520024016e-01
8.758858874279185081e-02
1.582025497501234335e-01
3.816167024846800482e-02
2.029583774087553028e-01
2.232510444628284241e-01
2.134773552264093432e-01
3.786751979903659610e-02
-8.893623686766924386e-02
-1.157643131511189999e-01
1.101713072168516300e-02
1.220175427199621937e-01
1.161326717041964302e-01
-1.744898799915215737e-01
-5.053296657690072718e-02
-2.085107095491057494e-01
-5.177026362656291653e-02
1.441357225769436812e-01
-2.765372720462085376e-01
-5.359986676108145082e-02
1.787206771602677935e-01
1.283929462069868521e-01
-1.007619706045997932e-02
-1.414530516761109413e-01
-1.049973567963870084e-02
-7.530924878805141977e-03
7.387508910523245265e-02
-2.570994499011947654e-01
2.327448879546556160e-01
-1.365125587150976538e-01
-2.834490661316602100e-01
1.130976832580936065e-01
2.204510056039502702e-02
6.608704003913518088e-02
1.735800774978166483e-01
-3.081431508089329738e-02
-9.973469348123810418e-02
-4.396962741869289010e-03
-1.136507404417383821e-01
1.094146180448369726e-01
-1.444623190708226590e-01
1.359164869927930452e-01
-2.433338502739546827e-01
-8.408693559316447741e-02
1.171988223730287687e-01
-7.094040081505414985e-02
-8.625499404934694470e-02
-3.351345746761775352e-02
-2.330184485611630496e-02
1.026129771967757565e-01
-1.805162614091265216e-01
7.436247101980812679e-02
2.422266737444775109e-01
-9.035701021745200234e-02
-1.979104498262216627e-01
1.143122487235262788e-02
1.402606908483225445e-01
5.538107879001788469e-02
-5.829193544768392771e-02
2.827341406303883198e-01
-1.811845456534717513e-01
-5.523526753461041605e-02
2.181859912793027989e-01
-8.964471459401960815e-03
-2.333736129598721135e-02
1.423551632977402281e-01
9.941988950595370689e-02
1.051486983726464403e-01
1.042202990095418003e-01
-7.755195142675595787e-02
-7.240682501662283610e-02
-2.918923927968529800e-02
-1.395041644700753258e-01
-1.161983076317311958e-01
1.258316874668657104e-01
1.815144073526949176e-01
-8.374555347845437370e-02
-1.408546855531105611e-02
1.064821713235188233e-01
7.575896775119082827e-02
5.126620373607483627e-02
-5.262241284297326099e-02
-9.906773368515361944e-02
-1.133079037515017234e-01
-1.681157754205498400e-01
1.771628612794320934e-01
-1.728429713539588741e-01
-1.658383616843961128e-01
-5.171969356649268497e-03
-4.426820853767932107e-02
-1.187982022975734298e-01
8.134452629627930004e-03
2.317777667965422589e-02
9.331345079395840514e-02
-9.520230222065063919e-02
-1.854884335266471784e-01
2.071723741136545505e-01
1.014472237607487309e-01
6.725418451217300697e-02
1.632846331856093736e-01
1.745979854948142285e-01
-1.195678644754147729e-01
-3.057711544442334728e-02
1.836751574529264519e-01
1.379099452181534180e-01
-2.367453863548779625e-01
-6.932362082998275166e-02
-2.100241846020695913e-01
2.560712852513739035e-01
1.838258576721843174e-01
-1.381944310390245123e-01
-8.445534581614751179e-02
-2.152471515735885493e-02
-1.450366094798482830e-01
-1.366954102798647597e-01
1.458142900958045163e-01
2.072885197557571280e-01
1.282955640694130317e-01
-3.382742470122827583e-01
-7.244408349136934044e-02
5.674164237148102835e-02
-1.007264636209855152e-01
1.160067346246265313e-01
-2.729226016806175770e-02
-6.348482266503387844e-03
5.411404435028390608e-02
-3.187024625859843918e-01
-2.026200191116588056e-01
-1.378436213760081963e-01
1.073483877306350386e-02
-1.005829278778153335e-04
-1.933739741843089610e-01
5.860888780592555386e-02
-1.703243621776777683e-01
1.386607746470988334e-01
-7.957411046540562027e-02
-1.068337167957148226e-01
-5.918590031322050471e-03
1.018913854811579617e-01
9.993044863269882894e-02
-2.278304393734369437e-01
-2.067568323570729560e-01
-1.841642728797899253e-01
-1.610778789094825802e-02
-3.594283284956911739e-02
-1.866736057032915980e-02
-8.725637251113893197e-03
-1.126573063692022300e-02
-1.916709362098900638e-01
1.269762521416195611e-03
-3.252223834790217427e-02
-2.787664144606099015e-01
-1.392826830844002550e-01
3.947624103390259820e-02
1.463517067290570350e-01
3.179140972043275476e-02
-3.482756990025092647e-01
2.821538848046532821e-02
-2.013850421849408025e-03
-1.197772282783621939e-01
-2.204165654688585996e-01
2.942360695911820992e-02
2.454127987185940607e-01
2.011576418326936899e-01
8.279613078550537852e-02
2.429753953974900793e-01
1.307409930024876488e-01
1.495662345534030102e-01
-6.512708215240950449e-02
-7.719286548785349311e-02
1.170864502921273170e-01
-4.690147178787680560e-02
9.243294154456989375e-02
2.328258817661714997e-01
3.301638499773267288e-01
2.446136129667892678e-01
2.302324230410953965e-01
2.871927029125932451e-01
-8.124770945395927424e-02
-1.148283851698197466e-01
-2.012610604125199265e-03
8.279253477428430430e-02
-1.286254880612297813e-01
-2.160838107139703146e-01
-1.078393763314678018e-02
1.688878349832994841e-01
-1.122684762230733990e-01
-2.733484651734548465e-01
-1.455793548506265078e-01
3.911277594102440663e-02
-1.070152189063925709e-02
-6.876463543163384429e-02
-1.882069365819023787e-01
2.247029591493801548e-01
6.441616702279068241e-02
-1.329936209472972475e-01
8.290304826803798766e-02
-2.234169862690517719e-02
5.812637017967528519e-02
-1.911338989275566669e-01
-5.230377593365356098e-02
-4.529321427102772635e-02
8.357250424471365791e-02
1.136751672654995465e-01
-1.230269271887311638e-01
-8.068860506279072753e-02
1.142027792884368481e-01
-3.204335290921461743e-02
-1.227463277200122327e-01
2.072704076892768754e-01
-1.942895141186077035e-01
6.895160139513106801e-02
1.143029239168948663e-01
8.511980268645812087e-02
1.188155833698155417e-01
-9.959999695135771103e-02
2.632678431412373010e-01
-1.064458578472300271e-01
1.613851085481023129e-01
1.220048584247829943e-01
-4.008604923774557877e-02
-3.081806347079270314e-02
-1.099139115774618591e-01
6.858808228811817675e-02
-1.601305760412251589e-01
8.388515562713107221e-02
9.241286653402110141e-02
9.968965951265780501e-02
-2.147636537841201010e-01
-2.914204605473779686e-01
2.948697064338141605e-01
-1.463419889572795292e-02
-1.836198413214051306e-01
-1.174517431859677385e-01
-1.914050435863297872e-01
3.531614060306253328e-02
-6.454457239927971490e-02
-4.130319683202853670e-02
-2.433223020098867345e-02
-2.641996651545259756e-01
6.257682319656189540e-02
-5.805403102148883748e-03
-2.322123487127389363e-01
7.488364813697731548e-02
2.130691732728698107e-01
-1.798312878257928848e-01
1.837029456284162143e-01
3.328186852965299147e-01
-1.466149758538095038e-01
-1.637722182132589077e-01
-6.760771126732111058e-02
1.032765577445854538e-01
-1.902656383371051710e-02
1.524361322751827397e-01
-1.791115337506881885e-02
-4.074767671307902295e-02
1.715303663576897564e-01
-8.146748026989339420e-02
-9.288887093401193909e-03
-1.453383296394729907e-01
-1.872126426817897482e-01
1.529650002128342956e-01
-6.996775499816558497e-02
-1.953717995328389523e-01
5.639944728816303349e-02
5.806571686272222338e-02
-8.945428224284697472e-02
-1.595747990380662895e-01
-2.243867905952487071e-02
-4.972552420036747273e-02
-2.161387158998312463e-01
5.053554780874042890e-02
-2.798980544559906969e-01
1.199275808440020408e-01
1.087426958975764441e-02
1.447556548288934097e-01
7.717209502299678114e-02
1.022426180488931850e-02
-1.172041497283386607e-01
-9.385252448931924799e-03
6.404980608840479817e-02
2.450290814876504575e-01
1.252095582320926215e-01
2.874013284895814979e-01
1.209110087132241051e-01
1.889822455163103765e-01
3.457784765527388560e-02
-2.346440967374025521e-01
-8.330595708831849133e-02
2.563123031505655861e-02
2.767623066344489513e-01
-1.978677403442462290e-01
3.392926057298209508e-02
3.425097030215012994e-02
2.044765306497634827e-01
-2.250717253034881793e-01
-8.823959253926699775e-02
-3.528194446468246870e-01
4.503746733095558008e-02
2.266556637933600793e-01
-1.234818885665524002e-01
-1.644281285264816150e-01
-3.002837384039749313e-01
-1.064465210835768699e-01
5.538512456609435280e-02
1.485639572541755382e-01
1.075567783005445255e-01
2.023115870420229834e-01
-3.282473050746311238e-01
9.032337301872139790e-02
-5.294839709777077186e-02
7.625437985755724457e-02
2.091461625394304136e-01
-1.267759118312666022e-01
8.554529030323586303e-02
1.677562683162091561e-01
1.234208011434347885e-01
5.314982269243788068e-03
9.838241862695168080e-03
2.017278588016523933e-01
1.276645734375539409e-01
-1.928681597604137848e-02
3.972395637367164001e-02
7.516896227016320320e-02
1.502823870765701564e-01
-2.779116141326052128e-02
1.596571376644492779e-02
-4.509673139956835164e-02
1.127857910515231710e-01
3.453158829486560610e-02
-1.511192521362851038e-01
2.086761164239238908e-01
6.829316623527394159e-02
1.080898780448507311e-02
2.263754574554991683e-01
-2.031138421896308902e-02
4.915532805351843608e-03
-4.964939831725012631e-02
1.207204250442960314e-01
-2.619599307694177879e-04
-2.054247511112861357e-01
2.627021647248627412e-01
8.608012423823735437e-02
-3.058781350910463326e-01
7.647902767000160085e-02
5.355243032774954781e-02
9.183227063420616731e-02
7.480305698421944871e-03
-2.532718180216717019e-01
-2.841170589897306503e-02
2.164104666824485934e-01
5.839792862988348217e-03
-1.864213878213967154e-02
8.894480611230386191e-02
3.721283044892866477e-03
1.238688124754793868e-01
1.266911847978165022e-02
-4.601844971475662488e-02
1.067090181499371071e-01
-1.517829971959694102e-01
1.570093971125070265e-01
-5.771979754379624739e-02
-1.869340668539810901e-01
2.161516514571360514e-01
3.420733413294828329e-02
4.547980712746562543e-02
-1.831408485567325162e-01
-9.788159052834972951e-02
1.085421485970272798e-01
1.472444277862726691e-01
-1.605952036132833327e-01
2.671271239266034825e-01
-9.440885632150952667e-02
9.209037620559520215e-03
-1.635216512182079696e-01
1.966027064403399471e-01
1.652466479539269617e-01
-1.066831361395522981e-01
-1.179558858963518780e-01
1.410534404671091313e-01
-2.008867723221282042e-01
1.202010828801799991e-01
-2.615039021501056604e-01
8.085955756937160399e-02
-2.753758625904501045e-01
4.966170074567208270e-02
-1.159587713069543252e-01
-3.365751384109322286e-01
1.222356710798007118e-01
1.775919663851752706e-01
1.228076922540992516e-01
9.460641402679689782e-02
5.720694652640691269e-02
1.916697191952878021e-01
9.204651173962745403e-02
-3.237656324073219516e-02
-4.298823530640684398e-02
-1.578086758018200364e-02
-2.987125291180461328e-01
2.060852996918926816e-01
1.810561266793717650e-01
-2.339882570878809298e-01
1.458636506143967393e-01
8.470319887142993207e-03
2.644445881939461729e-01
-4.382027014162667017e-02
-2.882189492080824977e-01
-4.438482305227257896e-02
-1.011207973823676914e-01
7.049181045602252726e-02
-3.241579721055824065e-02
-7.869472306294769681e-02
-3.540660400627787530e-01
1.127526729602356254e-01
-2.129277453029884692e-02
2.031919968428436973e-01
-4.429042519875676237e-02
-2.108279312730361177e-01
-7.372197811787925548e-02
1.866435715652649263e-02
1.318913748398618246e-01
4.100786568395853315e-02
9.913077653619552232e-02
-1.912925649800746586e-02
-1.598988555500889808e-01
-5.522189007693871499e-02
1.792439180568048893e-02
7.994009637123415668e-02
3.871142580814833645e-01
1.200609884905569497e-01
2.071446790021787276e-01
-1.619216162139841195e-02
1.861105229428020591e-01
1.027923986447502325e-01
1.780587601915742946e-01
1.935391001294440305e-01
3.403707712637576432e-01
-2.088316766793802404e-01
1.149903446229070675e-01
2.624806889688576228e-01
1.111269432206033470e-01
2.583568091861093152e-01
8.340975803366251773e-02
-7.637615581502653350e-02
2.979545930237777543e-02
-7.250080690413641948e-02
1.831283506253244264e-01
-2.472455753091704067e-02
-1.342023258686879661e-01
-1.234647141671252196e-01
-3.019682568079753993e-02
1.666496355210762004e-01
3.148010345653817210e-01
-2.609699018092269049e-02
-1.691456642207540551e-01
-1.224324265668870482e-01
1.541099308611532381e-01
6.947001135513287962e-02
5.860675279404869986e-02
9.278785626407097531e-02
-6.894015703890166158e-02
-2.746050578163304334e-01
1.352402796126813411e-01
2.219423344122391784e-01
-6.491112020556202844e-02
1.001670504930728400e-01
1.314096041909998958e-01
1.850220701565912229e-01
-1.576939817871625682e-01
-1.058917929761379190e-01
-9.210307059283831532e-02
-1.450473573772732561e-01
-7.975373226198560761e-02
-1.281756416623963668e-01
-5.354603135650170403e-02
-1.427188861696029321e-01
1.132564358792717968e-01
-1.117802721384009990e-01
1.572767107128111852e-01
-9.271372183595236183e-02
-2.261541127862092340e-02
5.442694772704225609e-02
1.247583683585990338e-01
8.624827949414756723e-02
1.983478736861453151e-01
1.523115492822052219e-01
9.473511416081713266e-02
2.756278587568783411e-01
1.385099460547203620e-01
1.538507148405759417e-01
2.753865283791538943e-01
-1.552094454816582980e-01
6.889459836034309004e-02
-4.270123157751547910e-02
-3.087955978286706094e-01
-1.206307831462331143e-01
1.719643367478226603e-01
-2.582729224291220871e-01
-1.687530962172345550e-01
-1.570124669109062010e-01
-3.155486738587157895e-03
-3.010101146337054723e-02
2.434000696344682246e-01
8.449801611238429155e-02
1.233436389128281796e-01
1.515355884310833345e-01
-2.584691594165725581e-01
-5.216203876573182602e-02
-1.818574903747839366e-01
-9.425468710723046428e-02
-1.361707712805415582e-01
-3.941442210271992042e-02
8.461852866153229957e-02
4.259080871720692663e-02
-3.283153799951431528e-01
-1.458877578917218421e-01
1.665038483869812624e-01
-1.577008756340391726e-01
5.982833306091858705e-02
-7.476908951884302101e-02
-8.951023924848344748e-02
-3.790980590129886668e-02
1.025810798142662988e-01
6.765166154989828151e-02
-2.236176862441777158e-01
-3.501104090889865794e-02
-2.665499253824678283e-02
-1.739627972217917540e-01
-7.836513910132386629e-02
-1.929818165214453318e-01
-2.409344129221707154e-01
-9.608107855305933129e-03
-3.213775358528145887e-01
7.555710525982174686e-02
7.741176170273503243e-02
1.584046488333060720e-01
2.346735289497823077e-02
3.042405935289531627e-01
-1.954524474749140261e-01
1.596231660597359769e-01
4.015390815090687238e-02
7.840661934394341226e-02
-3.984430320707828960e-02
-8.756103101705943470e-02
-1.762080971657520034e-01
1.737480343961636253e-01
-1.069135924702090679e-01
-2.986072799298732927e-01
-8.956094970296974225e-03
-1.565482099477429334e-01
2.114351387768329260e-01
-4.477521366839873340e-02
2.507908328994759017e-01
-1.306627100144566178e-01
-1.643918277412536044e-01
-1.936123040966263309e-01
4.879430632427318032e-02
-9.577903749847802017e-02
-8.309913210772823522e-02
1.754372627563101084e-01
-2.193643122085280617e-01
