# GABRA3
6.250719710247018557e-02
1.563306568112284856e-01
-1.079968218569652000e-01
1.958870227645660711e-01
-3.961786828023543955e-02
1.850140020312260325e-01
6.714095655191286427e-02
-5.477454057773788881e-03
9.656160664566276752e-02
-1.181451723632901268e-01
2.656421562244348777e-01
-2.018612570911438864e-01
5.756450070016329995e-02
-3.272741417781986628e-02
-2.899354627818243602e-01
-6.947965389905914890e-02
1.557095025993929793e-01
-7.655478332544854436e-02
-1.345118673596992949e-02
-1.744239666744456796e-01
8.677649693858180413e-02
-1.284304722747375005e-01
5.635496147176190240e-02
-1.519326154957137964e-01
4.789768505709268015e-02
-6.155538860401809503e-02
-1.307869688655019791e-01
-1.525533698731389443e-01
1.680906176496944626e-01
-2.508626244528348523e-02
-5.094271718508883856e-02
4.717632633419037436e-02
1.128579438569104199e-01
2.358154570709768832e-03
1.508024576558220642e-01
-3.812233637461520663e-02
1.268916464726682902e-01
-2.590554379623045689e-01
-3.479506492643096721e-02
-4.790031031456696772e-03
-2.062723465020921063e-02
-7.146825738729827016e-02
9.886760996625017228e-02
1.220712545520678260e-01
-2.676256529601605400e-02
-1.772233564943222484e-01
-1.805300396063754843e-03
7.853825575314511698e-02
9.012582780742323108e-02
-1.433763600226279911e-01
7.077856540019555887e-02
-2.952104131679510537e-02
-1.207904956646629752e-01
-8.583572409345745224e-02
9.357615985001921377e-02
-1.134417222370275452e-01
-2.102381687968231730e-02
-1.200655931684007638e-01
4.054060010742552289e-02
-1.160118465323421028e-02
-1.075919502221478891e-01
-3.478630510555981714e-01
-1.504596785276919590e-01
-6.957860901659435049e-02
2.801242053031136603e-01
3.597543181730469830e-01
9.082151504333650649e-02
1.876150869625756168e-02
2.069451161734681965e-01
5.222482539419549818e-02
-2.479727820411504469e-01
4.089556253516773293e-02
2.790097607558628678e-01
1.796793335951494264e-01
-4.342136915530188900e-03
1.208669447000848135e-01
9.139119488281709225e-02
-2.294483031866969280e-01
-5.262005319082150440e-02
1.389127957582846351e-01
-9.611575298651379995e-02
-1.440119434284503341e-01
1.219306198568609334e-01
-6.901851817016903257e-02
3.202635702943375517e-01
-1.024926499660644696e-01
3.965676148966464087e-02
-1.060453761056063919e-02
-1.739855384847151520e-01
4.899491296379700211e-02
1.690589075498896421e-01
3.044088526375718362e-01
1.006977399820448427e-01
-1.448094530996412999e-01
7.829009719341921414e-02
2.484386944263572705e-01
7.888453519656589419e-02
5.867631171030980586e-02
2.777253207414108194e-01
-5.416749741376584992e-02
-3.515835703484949254e-02
2.007776424826147044e-01
-1.967535347772768062e-01
-2.077724003154826915e-01
-3.719357733798086402e-02
-2.863937567807633422e-01
3.597883602171034756e-01
-6.287076382770727390e-02
-1.555571470547757740e-01
-8.549919080888318534e-02
2.926787633305306773e-03
-2.119569509380163919e-01
-6.354536183814445127e-02
-8.393147205988379933e-02
-1.972182310721400933e-01
1.748754089914684728e-01
2.913662475913958438e-02
5.525814793946622061e-02
-4.503503111903257861e-02
2.081392779917181843e-02
-1.271623818222222639e-02
-2.224049902170702475e-01
9.021310834804878442e-02
-5.254384020410023809e-02
-1.362719397142397038e-01
-2.615684162477806551e-01
-2.229622029790495341e-01
-5.019255125948576118e-02
1.070424048231731068e-01
-1.667061654693838268e-01
-2.873230559894258684e-01
-5.836835881353174410e-02
2.439066335970952251e-02
-2.085951825478566113e-01
-3.313207920571865639e-01
-1.789173937773169409e-01
1.349945895270704965e-01
-1.675633032166036762e-01
-3.432478546747306375e-02
1.263434173237064639e-01
1.049433923668301877e-01
2.185952655720821425e-01
-2.222453294560949866e-01
-8.486247907180886896e-02
4.108992439098067828e-02
-1.404464489961998463e-01
-1.395431068854939283e-01
-4.853487057261670484e-02
2.669777903424780385e-01
-1.461803528003345707e-03
-1.389389864449335210e-01
2.261508554320467157e-01
-2.169197753336361278e-01
-1.852142984974280938e-03
-1.589482817482894619e-02
-2.160408825870169525e-01
-1.835373682314277721e-01
2.300228808722870437e-03
-4.966831729913807891e-02
-1.306447563488987162e-01
-6.430930716750724030e-02
3.029708120556257045e-01
1.362961676162438851e-01
-3.124524483857795895e-03
-1.211445841992293132e-01
4.176007877492498438e-02
-2.709499241491389876e-01
3.552979400312284430e-01
-1.042129147682538670e-01
9.904177029139883681e-02
-3.312095879565971068e-02
3.307651597191604148e-02
-2.655102233390449137e-02
-1.081171353582557754e-01
-1.206197798886823463e-01
1.008299481732533726e-01
5.507589678251002124e-02
-1.081220465002997594e-01
4.325226937903615954e-02
1.237371703977226678e-01
1.290318123553958751e-01
-6.274674321709637625e-02
2.795379142749997436e-01
-2.436736281486379940e-01
-1.671013969595565585e-01
-4.059355835673416485e-02
-1.366918881953674003e-01
-3.189556545471313731e-01
-2.591957234332594728e-01
-6.818858276465139534e-03
8.571307651177738698e-03
1.806431543551818841e-01
2.937885193617827961e-01
-2.543171499306129402e-02
-1.037364161208902125e-02
3.019227124121627304e-01
2.016415863351315729e-01
-9.952108272156326430e-02
-1.404643354101519082e-01
1.701201101455866449e-01
-6.517277109132524338e-02
5.058500869619507326e-04
2.487807915001855052e-01
1.773692689356718977e-01
-1.922188310285691953e-02
8.934320100439849255e-02
4.196760421161067900e-02
-4.161741338914438232e-02
1.521453030183418480e-02
1.163146944341768990e-01
2.781678173899911344e-01
-9.167254805946679908e-02
-5.348675209253582474e-02
1.206533121058067787e-01
-2.429446942056484593e-02
-3.559586314646590727e-02
-8.397637499146831663e-02
-1.692827972280368520e-01
-2.703891019601158130e-02
2.952799042439327448e-01
7.559847893423071730e-02
-2.977259274596573135e-01
-1.383417851201380611e-01
-2.401859227879093450e-01
1.706048679477992214e-01
4.054081605176679259e-02
-9.177687938417088132e-02
-3.150476528249797070e-01
-8.134957759850053316e-02
1.051600137695820752e-01
-2.910490464135477920e-02
5.067642949619907689e-02
6.812272856976239743e-02
2.607843769391108291e-01
-1.883281459365987454e-01
3.174583246711515372e-02
-9.367573899993536513e-02
-2.092559058739802968e-01
-1.378554092644538979e-02
-3.444901318134129670e-02
1.402280194143234737e-01
-1.659331684013841957e-01
2.021382968651865009e-01
-1.401752057741679491e-01
3.474866065969223206e-02
1.507494429458828833e-01
8.061736108267741896e-02
-2.408901608528017310e-02
3.443676380702897499e-01
-2.425607402317500258e-02
-8.927250852565588035e-02
-1.891004681287365152e-01
-9.960915394199977568e-02
2.891394436517729649e-01
-1.746680080186880368e-01
-4.271752570672338739e-02
-1.471607642837577945e-01
5.178000642783234936e-02
7.508718306321154369e-03
1.886110362163889997e-01
-9.271854680013627559e-02
1.869026400438882074e-01
-1.867543235754572373e-01
-2.247182199479330067e-01
3.035856764106831945e-02
4.506789488912363306e-02
-8.663342086347060322e-02
8.932494602402825390e-02
3.687162071970997209e-03
2.211187481497172147e-01
1.678032894284454679e-01
5.410322798545564443e-02
1.549770209573519131e-01
-7.209418272551065821e-02
1.621062528061652241e-01
-1.643676580939701370e-01
-1.618092003314355876e-01
-2.387793053062466087e-02
-2.202411504223191208e-01
-3.784577625751041341e-02
-2.012200705731934797e-02
2.358653486846283287e-01
-1.029282459600118910e-01
-9.266137964268894578e-02
-2.176093927292592836e-02
-1.481221088322542123e-01
-2.767324155089607163e-01
1.994460275568913157e-02
-9.116000325071385579e-02
9.662991736047519056e-03
-7.483597821568045705e-02
-2.524073914633916393e-01
-2.581803255719951617e-01
-1.181584256348021805e-01
-1.791448657811618161e-01
-1.029927785690412934e-01
1.622436282701367541e-02
6.895036333479234725e-02
3.899248092664326371e-01
-8.230216799116783777e-02
-1.371234122836075264e-01
-9.053410269585808468e-02
2.919026246516273626e-02
1.598597978690309007e-01
-2.233129221040526524e-02
6.091341394334340992e-02
6.057256453782642464e-02
1.447733348449923019e-01
1.238980585629676917e-01
5.334999692117282227e-02
-1.652272013340072565e-01
3.019640399271289466e-01
1.199605680738988905e-02
-2.354963958872179353e-01
1.905541815021153662e-01
1.785600786220522540e-01
-7.825331291013573609e-02
2.475521842704730621e-02
-2.135000740717181433e-02
-1.342319272505724803e-01
1.470322403139963929e-01
-1.286766397638521020e-01
2.167307126819742191e-01
1.651118427836523739e-01
-1.449303341229120634e-01
7.691755660567060893e-02
-5.564246531246354321e-02
4.157281712034248677e-01
1.960401412767603102e-01
1.918507539685609387e-01
-1.438835505918727720e-01
-4.455481820444000957e-02
2.700081712989445618e-02
8.537144508042711355e-02
-1.474352673975239947e-01
-1.745182593509607694e-01
-5.988838521225123973e-02
5.824817484122576244e-02
-1.544317536502257948e-01
-2.238377099737193926e-02
2.081337005639316284e-01
-1.146824396876826822e-02
-6.816421910816718166e-02
-1.846741661880204124e-02
1.308736675955245177e-01
1.857497182892259013e-01
2.696961508065117141e-01
-7.607282402999114568e-02
1.578710213877849988e-01
1.985655601525764258e-01
-7.289380020700515881e-05
5.954566523104316139e-02
-1.848622412134578452e-01
-2.584140273026917789e-02
-2.370069190107781942e-01
1.164404448360864021e-02
6.882678004755497791e-02
-2.364008911536092938e-01
8.985897676852037941e-02
-5.321437995989027753e-02
6.057087527564462837e-02
-8.286815016118082022e-02
1.680728245477385585e-01
1.663364846132823482e-01
2.572460613738928870e-01
-2.123681624569645487e-01
-8.477998841444676914e-02
9.718323256562751145e-02
5.666983567686854906e-02
2.806714569593529024e-02
2.767162725026703907e-01
-1.215545247186979039e-01
-2.069890278845636922e-01
1.000061368234872322e-01
2.307736657752765541e-01
1.181014633661730956e-01
2.046185147610357080e-01
-8.703156330678808728e-02
1.926370597215530667e-01
-8.071493271999815797e-03
-2.951159401584902975e-01
-1.653634144196042544e-01
1.065215387603183211e-01
-5.675163497336567497e-02
-1.262430691495683988e-01
1.356511938981612778e-02
1.359493495215921832e-01
1.494869552941631152e-01
1.039020525313594234e-01
-1.939296256570223476e-01
-3.046434156326950360e-01
5.668284115319940225e-02
-5.544768252576016791e-03
9.640664817971347778e-02
5.846564169407308248e-02
-1.253590032979552127e-01
-6.250689743331375170e-02
-1.678105387212620037e-01
-2.077674891755670328e-01
-1.319594314891042452e-01
2.933672588021036393e-02
-1.624506642363299919e-02
2.543272768613278334e-01
4.335314300368817847e-02
-2.086702773271157871e-02
2.106416904878782512e-02
3.283447044882482624e-01
-1.899911629545387448e-01
-3.349668869331405840e-01
5.187855281645498140e-02
8.189144308072703396e-03
-8.474140087766908469e-02
-2.308159083934184508e-01
-1.211317997754723652e-01
1.698341687878766604e-01
9.728780110286650712e-03
-1.649427278740770719e-01
-5.832422985514725683e-02
6.817419057589430009e-02
-2.351268418675713512e-01
1.670921447745119803e-01
-1.762311957115286765e-01
2.277435211882523902e-01
2.551554510325702019e-01
-2.078225879968968459e-01
1.370891833386984546e-02
-2.737473941437355007e-01
-9.040542499504039542e-02
-4.878404366104909656e-02
-2.226942182445010021e-01
4.989828528778472716e-02
5.555820280220028634e-02
5.002110091432449696e-02
-1.667898424938530633e-01
-3.012880363634064598e-02
-1.837831851074066825e-01
-9.374505800313155668e-02
-7.455205763610071867e-02
2.435019860932228497e-01
4.621686105166265823e-02
2.209350212256923351e-01
-3.754203431724566498e-01
-1.539181488790104246e-01
1.918020095941287001e-02
1.904094165286481233e-01
1.057517911268668342e-01
3.784911996947028512e-01
5.972321887499434240e-02
2.104918989079153369e-02
4.366939155051671739e-02
2.665930794453073502e-02
-1.430758761769006238e-01
-1.019764844568374351e-01
1.278149740117092981e-01
2.262222276183920022e-01
-2.912881133412842383e-01
4.208124666295134930e-02
3.028359633022276870e-02
2.065502781787204312e-01
3.776889121494982349e-01
-1.019214288036548177e-01
-1.998663349836689862e-01
1.040979961476824478e-01
8.758760208131188829e-02
2.431303953335480772e-01
2.321828923609199069e-01
-1.039984227993387272e-01
-3.454481922091677537e-02
9.250172745474818936e-02
-6.294042327764028284e-03
-1.801079012835388182e-01
-1.426611570082548519e-01
1.010011577340457802e-02
-1.966917333297556469e-01
5.625078590726587113e-02
-2.638505639383535994e-01
-1.250393732729306873e-01
1.198941732499908958e-01
1.010456010132837618e-01
-4.018170382204268309e-02
-1.528983471359549873e-01
9.426942993735903942e-02
3.374842195525972199e-01
-2.175936949054744010e-02
-1.059389224570951027e-01
6.996755886180915096e-02
-1.339718930860209819e-03
-3.345017484611948616e-02
-2.269152660322481807e-01
-2.632401606890725221e-01
6.811872348873818095e-02
-5.922435385690866250e-02
-3.329365861160093337e-02
-2.109521059557349990e-02
-2.348424358347696306e-01
-4.731683363140748444e-02
-6.246803266855192188e-02
-1.689038453680092866e-01
-1.044874691381192204e-02
6.610430787339668761e-03
-1.942767967025762765e-01
3.002892265334920763e-02
1.541456772152962063e-01
1.963322409052463326e-03
2.364235480375025955e-01
-2.185719235109333525e-01
5.440493538719552713e-02
-2.205670505061677888e-01
3.656518982388813899e-01
-1.565797983656891657e-01
1.096018883679425182e-01
3.804217954231537413e-01
7.287276887998025976e-02
1.317079242702604534e-02
-3.760137631207837589e-02
1.192930726253811462e-02
-2.482222327475087365e-01
6.898319464341763629e-02
1.000466019203999635e-01
2.147672156257689757e-01
-7.290583507146320384e-03
-7.301786229893256208e-02
2.389397224230520866e-01
2.207094887200706720e-02
2.499863679330895649e-01
-1.470330855077352228e-01
-1.384111430058609371e-01
2.926514586855439859e-01
2.047507987466189519e-02
-2.428782105135659786e-01
1.822188366056959885e-01
3.016569793790356557e-02
1.335832064370202563e-02
-7.924445917053839217e-02
-1.075147530293257964e-01
1.820339895170523525e-01
8.853158915473284540e-02
2.552843074400473408e-02
-6.956559233632872430e-02
5.276012870942342614e-02
1.347864692408511367e-01
-1.225260939929204707e-01
-2.141097911125891540e-02
-1.605328825976506668e-01
2.825205365499429133e-01
-6.316850272515060760e-02
-7.201416182485767536e-02
2.843018867414641437e-02
-2.303441417652138390e-01
4.653904514490433963e-02
-2.285266917640022544e-01
-1.737790127622500236e-01
-1.100519313500141483e-01
-6.960856324732113409e-02
-7.209280778619318875e-02
6.803469816872872999e-02
-1.430503430318635916e-01
1.687050532017884685e-01
-2.263657297855746764e-01
-8.387026216773547926e-02
-9.357525991126842968e-02
-1.787828111836387013e-01
1.526400385385920377e-01
2.610014821172829680e-01
9.821045004475080498e-02
6.160938055333439051e-02
1.104815423955516490e-01
-2.592067607691715403e-01
-2.123056355946821225e-02
-1.325760341743114912e-01
2.942602237792159639e-02
-1.993381325103079638e-01
-1.690778611528946929e-01
1.342018204680186511e-01
2.073267881341313845e-01
-1.374363006234871620e-01
-9.021174255403412168e-02
-5.572046880152525111e-02
3.507259700822432189e-03
-1.838429304384406604e-01
8.728125448473648962e-02
-1.029984444187764803e-01
7.138850771710263110e-02
2.110324690293498562e-01
-3.373833111517626770e-02
1.187843547746637862e-01
2.856361525611147423e-01
-7.357147523250180676e-02
1.834289620934680398e-01
-1.594398829379905513e-01
-1.618281181410037572e-01
-5.271221306379066107e-02
8.562184538870869221e-02
1.234675985807742182e-01
7.897920093106987338e-02
-8.543840807692346107e-02
1.246606305450429497e-01
-2.073278107893297140e-01
1.460196422486073793e-02
1.207129812411721487e-01
-2.335006185853666094e-01
-1.162173097341203387e-01
-1.613619307208587206e-01
-6.464520883403120088e-02
-1.348915700057502498e-01
1.326391964726493233e-01
7.373775494924336704e-02
1.376816748144129854e-01
5.927351991629142142e-02
-7.315845293040508512e-02
-1.012444357494484554e-01
-1.114644449263148956e-03
-1.661310944489537145e-01
2.257199789215193486e-01
2.067059268060789448e-02
-7.073351828259805130e-02
-9.938725868222612891e-02
-9.347600106868106384e-02
9.342361722881786790e-02
-4.576534137380466188e-02
2.222172739705189359e-01
-7.095356730415565416e-02
1.041375078664827196e-02
1.736817001091019441e-01
-9.214466918034310006e-02
-5.964106495143780412e-03
-1.045544400936030405e-01
1.700708400625860484e-01
-4.253176953533658461e-02
-1.270637863231963705e-01
2.993153495327348645e-01
2.568160911427470050e-01
-7.500716537916235493e-02
3.405443847150808612e-01
-3.069623330462755706e-01
-1.771183654034247656e-01
-1.275725016627467789e-01
5.148911491487408870e-02
-7.991513623373010244e-02
-8.420290110450510956e-02
-2.530551816984958832e-02
1.000434713321062125e-01
8.860985685524080946e-02
1.414598426723256142e-01
-1.658056308022298475e-01
-1.066109279997981205e-02
-1.233049122014281684e-01
-1.397427591162944682e-03
4.364134932852741650e-03
-3.989000669369785652e-03
2.917609282840392115e-01
2.699492603250994716e-01
-1.032413514099291274e-01
1.236195662226309000e-01
5.787733750100716723e-02
6.174346525045280865e-02
1.179371837428718345e-01
-1.888335322588561571e-01
3.171803483040465665e-01
1.885485020281150170e-01
-2.592435422472298689e-02
-2.476323959441636968e-01
3.583645207881713812e-02
9.151926259671375186e-02
-1.443076009739554799e-01
-1.111119568956647902e-01
-2.286762795928208303e-01
2.705268332007907187e-02
-2.008086975242572847e-01
6.417095166213428181e-02
-1.107215732224356430e-01
1.376420144324652130e-02
3.220520419941350077e-01
1.098991474187391709e-01
-5.323753108341186535e-02
-4.116695489203385516e-02
1.682324644071819461e-02
-7.033031391821271960e-02
8.291938794000779100e-02
5.221503344792354645e-02
3.426864905021157620e-02
-9.380770546749690741e-02
9.444219300044820464e-02
-5.442698313959450779e-02
2.239809138049303456e-05
5.120064986455501871e-02
-5.503461649913463094e-02
-2.340604114239967087e-02
2.755858349830506149e-01
2.060174134456123074e-01
1.941179979205744921e-01
-1.096153569683676748e-01
6.521253624792881787e-02
-1.058514732859070287e-02
-1.328509016507450902e-01
3.977245553388061849e-02
1.970155359864328784e-02
-8.079593021736199143e-02
-1.103858053635387720e-01
4.154827317608181941e-02
8.624907236884115855e-03
-3.935236529149670204e-02
1.558613839227359910e-01
1.118843133512985449e-01
1.750654539547984445e-01
3.055323372361319345e-01
-9.481451926598434554e-02
4.380673005578773066e-02
-1.195977086551140989e-01
-2.220263880610108542e-01
-1.458349620790818368e-01
-1.186898610175397134e-02
8.932473522069046823e-02
1.878575269466986608e-01
-2.352162588523046549e-01
2.101191021076035670e-01
-8.093362864457828709e-02
8.780137307242745492e-02
2.959408780695448327e-01
-3.008798711164533887e-02
5.848767812904730884e-02
2.332063427434203362e-01
-7.869441187006531724e-02
-1.039015077217368410e-01
-2.761180981712041960e-01
-6.939562772007776270e-02
-1.647733915412597505e-01
1.549833129002910759e-01
-2.127069439614363566e-01
6.043986076836349586e-02
-1.623018523584768835e-01
-1.131435200458462825e-01
-1.800889933879266658e-01
-7.682806255370500104e-02
-1.915085487128820665e-02
-2.287859510490390103e-01
-2.815452571464904449e-02
3.318940392014840812e-01
-7.537355306310558611e-02
-1.024900900665524223e-01
6.129476736430648776e-02
2.248697148224665376e-01
-7.895036690666458468e-02
-1.986440881517846091e-01
-2.109946825557312000e-01
1.102715638112863605e-01
-3.852984847190429191e-02
-5.470481445860495007e-02
3.674579237206870158e-02
9.886707502256150693e-02
2.310022941627022097e-01
-2.100318370125621448e-01
2.423829297658063597e-01
-2.177543331393616277e-01
2.548267231244263908e-01
1.737908723496915664e-02
1.469808593330456346e-02
7.440271444048096594e-02
3.291419033467954391e-01
1.519284071176547068e-01
-1.971246355213261137e-01
1.236031194580550219e-01
5.649115545808425232e-02
3.684646251287642671e-01
-1.079501217846405015e-01
8.408683544145319211e-02
3.919491415575813709e-01
5.471469129478204879e-02
1.894310552444046780e-01
-1.080490627303524326e-01
-2.936032551228170973e-01
-2.945869081001632750e-02
-3.900598523123039590e-02
-2.451489482350153459e-01
3.898116328149962145e-02
1.160966709541272485e-01
2.795230485176210949e-02
-2.302254555959354632e-01
2.628777656845745492e-01
1.606220559737914222e-02
-1.024367824146044104e-01
2.142907399046674044e-01
-2.277333073882859341e-03
1.284584382702828598e-01
5.393609388264782728e-02
1.097128531958861675e-01
-1.090129335344212774e-01
-6.952319880575582277e-03
-1.881177939820896927e-01
2.996131968508431442e-01
-2.386642299697470382e-01
-2.795291526306011853e-01
-1.751055767522976536e-01
4.200156828347342830e-01
5.132162188119691187e-02
-1.469135133738209698e-01
-3.014160772614012940e-01
3.427629725238672820e-01
1.649913372561005731e-01
3.420091106563397099e-02
-1.659238424786313058e-03
-4.874573875329804573e-02
-5.584344863269112558e-02
-1.321592748390640337e-01
-1.824181379310121642e-01
-8.287686131668081657e-02
-8.434818313753249253e-03
-1.020451546446411589e-01
-1.129311925087746055e-01
-2.885693260332479748e-01
3.105815250558869867e-01
-2.079086882529660452e-01
2.353774330017039881e-02
-7.817708098530377903e-02
8.275390814819470753e-02
-3.983662471751790030e-02
1.672870312446959537e-02
-2.005991444487735531e-01
-1.258797345437971948e-01
5.417859608932345389e-02
3.069137619964209529e-01
-6.281733494394985129e-02
8.077516822916340489e-02
9.850376480505777799e-02
3.000993838251294482e-02
-7.173590906135565715e-02
1.523662087513250885e-01
7.264463101081287955e-02
-1.176343063234283337e-01
-5.991153959085378927e-02
1.135713610180034139e-01
-1.002679720483067305e-01
1.247661145871629832e-03
1.031712593777972670e-01
7.000959769116055220e-02
-1.752846689774157085e-01
1.900763999376806901e-01
-2.190915794132584221e-02
4.818652348621757509e-02
-1.104246098851740798e-01
8.902853145814305924e-02
-1.289686311002924760e-02
-5.068302132906558899e-02
1.195684491524282439e-01
-2.820237239037529098e-01
3.508202722412565033e-02
-4.350057531869576388e-02
2.358291640817868073e-01
-3.764538331638596635e-01
1.516359801143587864e-02
-1.873880035083725915e-01
-2.971360402884158300e-02
6.411694281693304520e-02
-1.964915040686693315e-02
3.001639004945331757e-01
-5.993500871348279857e-02
-1.164969021175981806e-01
-3.185347950854182375e-02
1.267269850928522124e-01
3.099643516626272577e-01
1.771208730816405397e-01
9.784560551001500808e-03
8.204971652529191584e-02
-1.718648007434969149e-01
-9.178785679209770787e-02
2.515414073164132791e-01
4.407200314831639064e-03
3.741182331232712627e-02
-2.098926443727290037e-01
1.612121772632124361e-01
2.097794070511004305e-01
-1.511471561594960600e-01
1.427473068734011197e-01
-8.350017429759726273e-02
1.455965956330403377e-01
-1.354802983366823477e-01
-1.144950025904953178e-01
1.074965818179418192e-01
-1.279440597476226016e-01
1.503497382786809014e-02
2.087096245767229297e-01
1.369049019334706019e-01
-1.417079644094395019e-01
3.123899556687949608e-01
-8.291725584252326864e-02
1.328199684916391010e-01
8.640748848680517014e-02
-1.796801651395170743e-02
-1.639273949196847491e-01
1.122027474017632392e-01
-1.243492056764638753e-01
1.360337448317858466e-01
-2.173972537094517321e-01
-1.219687885635754726e-01
1.564546047187302114e-01
3.949031790056164309e-02
4.052025505959120921e-01
2.500860617593511637e-01
-1.036400765480744030e-01
-1.181837210487184375e-01
-1.650985238781013387e-01
-1.466824933481865045e-01
8.845847649860437423e-02
-1.044371791064003102e-01
-1.657678822255034268e-01
-5.351071497967934548e-02
2.220507341365478837e-01
2.663561016113262792e-01
-2.227402920682851617e-01
9.778772155644646635e-02
-3.045917562221753250e-01
-2.034171205331062118e-02
-5.251735077126681861e-02
-3.546371732238095403e-02
-6.778544446479385643e-02
1.169607736132855652e-01
1.511670996837743142e-01
-1.588758612651979818e-01
-5.630748658210060070e-02
-1.077967008496385215e-01
-9.345478642186499929e-02
2.606695585850264674e-02
-1.763386620678643602e-01
1.032215823181410752e-01
1.822634713120075897e-02
-1.144119817038947856e-01
2.833666393832239283e-01
5.912326085584864582e-03
-1.966727564374791959e-01
1.786032356210561986e-02
-8.058964483032482473e-02
-1.377141870766385168e-01
-2.008009659379948186e-01
1.171084889228528603e-01
-1.168793985764221416e-01
-6.016942029368889389e-02
-9.714124675951001098e-02
3.716230333343797931e-02
-2.538320843022825318e-02
-1.344115190304428220e-01
1.696018955773154549e-02
-1.591500897106578605e-01
-7.397686490264343551e-02
6.242549411547290705e-02
-2.305864856093639281e-01
3.625069018128437848e-01
-2.393371622984646341e-01
-1.685772479114179268e-01
1.138988500763280821e-02
5.828149477490232599e-02
2.420451945484113077e-01
1.733782456041894210e-02
8.231526415197702728e-02
-1.782860790158689590e-01
9.244210144665027107e-02
-4.829788317733865917e-03
5.321779706357443462e-02
3.071688913431354639e-01
5.114343818611773174e-02
-1.850662096342011453e-01
5.721419564010693515e-02
1.134445042525683706e-01
4.741164584870320720e-02
-1.765806486772872330e-01
-8.343160194009140163e-02
-2.464658669930819557e-01
1.761075620334650871e-01
7.424195538546836393e-02
5.200878025726055065e-02
-1.568325943236743569e-01
2.368565252955190104e-01
-6.624377923407634428e-02
-3.288071625287405236e-02
-1.789409592324105458e-01
4.027216052946044206e-02
2.099562570207471612e-01
-1.519270370673114490e-01
-5.491271991828644561e-02
-1.245443731462063247e-01
-2.009436756377769584e-01
-1.782785495117125696e-02
1.751282021149678791e-01
1.340225774266661507e-01
2.914966783941059375e-02
1.650923007864170955e-01
9.006639032000850198e-02
1.601091706255897973e-01
3.994091746947603383e-02
6.121374021987554398e-02
-3.465304290057448500e-02
-1.186547675064259927e-01
1.470808597906279880e-01
-3.996053867880484251e-02
-1.980244161442164530e-01
1.784946135961367475e-01
-1.445745123657975750e-01
-6.204526200081963982e-02
2.712140337241396998e-02
3.670625737236680175e-01
4.706272475832008750e-02
