# GABRA4
-2.798090679856339927e-02
5.944934893362968653e-02
-1.556318337403695684e-01
2.295058337677078134e-02
-2.781408828822052801e-02
-2.739817440778391511e-02
5.369447024071914015e-02
2.932779725473166983e-05
-1.737682523731071682e-01
-6.532126100030155591e-02
2.537186850137214400e-03
-1.179435478597114922e-02
7.380555416259476642e-02
-1.357467636041261860e-01
-8.423107316052044768e-02
1.695218977363647118e-03
-2.090605331659074473e-01
1.077199427406604288e-03
2.173531096145907004e-01
1.943742003536456653e-01
-1.759087175654686086e-01
-4.936459650267150528e-02
-8.322747973286957757e-02
-2.173070719562750774e-01
5.527295901175597465e-02
-1.648971220076954070e-01
-2.029372234745150383e-01
-9.419912315609080267e-02
-3.500856123089621241e-02
6.053581240558603138e-02
9.049266165508662585e-02
7.708624147609126342e-02
1.253532915255355928e-01
2.676661083119938681e-02
-1.387383997250598092e-02
1.073932508557641149e-02
4.073092347035339178e-01
-1.079145214610443583e-02
-1.633552492866491013e-01
4.800613462979311935e-02
-7.626262064078986880e-03
-1.714374886505969642e-01
2.309489255188298673e-01
-6.289115640580393574e-02
-1.551001694298226839e-02
-1.674364306700230065e-01
-8.151045116050693873e-02
9.279537600168892564e-02
-1.373252497683634943e-01
2.201163980097144979e-01
-2.622281627329896003e-01
-7.387020304702233975e-02
-2.503790487181337676e-01
-3.675467369219103525e-02
8.949964491748893525e-02
-8.728363503441505244e-02
2.121025627015590831e-01
-1.834250874275832888e-01
-1.303426256045790432e-01
-1.209423117501069456e-01
-1.863845941860486910e-01
-1.598804942784551597e-01
-1.586070464456040552e-01
2.644290200813528835e-01
-1.530460056542020664e-01
-6.904343301045273718e-02
2.183788343432228052e-01
6.429540766183595990e-02
5.405655225035298217e-02
1.120774019393047105e-01
-1.839575554307230632e-01
2.538509857860622443e-01
6.720810940406099152e-03
1.189859937632408993e-01
-2.687898255137878209e-02
1.622183244530960300e-01
-3.379571740843582972e-02
-9.287665247415821668e-02
-1.703979615119335378e-01
-2.029397709539212946e-01
-2.312287513012014628e-01
-8.169355643778845877e-02
2.962433131359510918e-01
1.518511497489670181e-01
-1.185977052734270808e-02
1.048115212209763669e-01
-8.519353429320393467e-02
6.836975584601442946e-02
-1.282318967258582083e-02
1.472448883013029002e-02
-6.315766450327789383e-02
1.895542476874595705e-01
2.335205952328970880e-01
2.108581395601056771e-02
-1.847383286954258075e-01
-1.286474704571548555e-01
-1.298681544798677423e-01
-1.751646732976424869e-01
9.441269121958875687e-02
-1.222741189428488626e-02
6.523270812391719631e-02
1.708381296922931447e-01
-5.711065845871871050e-02
-2.056249698186085606e-01
3.739772861198645271e-01
3.343138278027517063e-01
-1.200399761616548905e-02
-8.130065677087959519e-02
4.392954360870401365e-01
9.278214431937797935e-03
9.195868273605631305e-02
1.003401945732620149e-01
-8.645272737532921914e-02
3.125525971560771943e-02
2.218986932822714919e-01
1.672125208418784037e-01
4.065300037417445868e-03
1.777635299785439854e-02
3.124025574333004485e-02
9.275129617483438005e-02
2.967395774499643687e-02
-1.362528012835842739e-01
-1.014315614467413001e-01
-1.508429078637266996e-01
1.962065358732904552e-01
-3.656677340411280952e-02
2.484612265269332265e-01
-1.905094076111369661e-01
-1.171833209681988515e-02
-1.646597885498031488e-01
-5.478885169043681835e-02
-5.568520724076803097e-02
-4.590376541098558499e-02
-4.833924530551961252e-02
-4.534490242164967294e-02
2.279729999743686786e-01
-2.924456782001666477e-01
-4.729419516160365128e-02
1.565505134254389363e-01
4.133039730911078902e-01
3.196206978112538233e-02
2.930464023544582242e-01
-8.821875347447989679e-02
9.897636822705958848e-02
-1.968991158485948190e-01
5.299741938607521741e-02
1.773637351677848639e-01
4.829652537570013754e-02
-9.734448192450652348e-02
-1.096918797496874154e-01
7.617380165683482196e-02
5.926691080669294065e-02
-2.111056202638774970e-01
-9.548771030339325838e-02
2.836040875271169173e-02
1.233448444725082915e-01
-3.392878481387113544e-03
7.920519113020456359e-02
-7.824097212968224302e-02
-1.462569517141718289e-01
1.004878727279055889e-01
6.349403573678677470e-02
9.196281633595634886e-02
2.242214377104223277e-01
8.233272541427677504e-02
-3.714736472323031391e-01
9.720586322175013561e-02
1.034863734708077292e-02
1.853470683684677045e-01
2.298286660181194374e-01
1.074105508192127606e-01
-1.439461228066593323e-01
2.293985221175951217e-01
-3.237469077556789920e-01
-1.943455396196166474e-01
9.046371766832891903e-02
-7.493235964238725844e-02
-1.006870979364150320e-01
-1.299953423803142105e-01
-2.179342105642972094e-01
3.005231906251784602e-01
2.320256112630859624e-01
-3.629596738282760138e-02
-1.479748748405058656e-01
2.510838241939548077e-01
-1.611139714090949748e-01
-9.258677155719094443e-02
-1.049784755375900852e-01
-1.724545391619886625e-01
5.882970265641264407e-02
-1.523383028504818049e-01
-2.021657875705056839e-01
-1.190489577091291690e-01
-2.050518938942229863e-01
8.423153182798075178e-02
9.924954567150429119e-02
-3.250895780326067824e-02
3.926128404148252621e-02
3.363918896772104261e-02
3.785477762881866437e-01
-6.861073855646407371e-02
-5.954631640270680731e-02
-1.096038117072031665e-01
-9.313574781167113792e-02
1.798330203034242125e-01
-1.165034195022779107e-01
-2.090568425829524013e-01
-2.494482839916178640e-01
-4.163608540027050747e-02
-1.818185348000227880e-02
-1.228560099381886955e-01
1.143380431517401485e-01
-3.985786594067582816e-02
-3.337305028734592616e-02
-2.510164571870190375e-01
-9.390018464769164797e-02
1.197207438757443981e-01
-3.813065789587741922e-02
-9.034522123585099485e-02
8.375078326193606190e-03
-1.856989183408156441e-01
1.599227897915204699e-01
2.157196819926358033e-01
-5.868333489185403179e-02
4.424678021749305773e-02
1.279037327189579826e-02
-2.042094736599184834e-01
-1.872865872120654807e-01
3.159028086331837001e-03
-1.118095880198471254e-02
-2.302280001024251677e-01
2.180380255299682046e-01
-3.148179394053141067e-02
1.212086767148900096e-01
2.259906399518021858e-03
1.092559502959330325e-01
-8.288644496525679473e-02
1.522435144852938294e-01
1.419144401487051031e-02
6.584035773317618856e-02
-2.186876419382100326e-02
-1.625469634753000381e-01
-1.676113815662123516e-02
1.622909634807992441e-02
-1.113688015008216514e-01
7.171620815695345375e-02
-4.138513314809077331e-02
-4.751848432518752247e-02
3.890903010008881502e-01
-8.074329047635395162e-02
-4.863767856780342597e-02
-6.525435240857938024e-02
5.640859817582983410e-02
-3.187799892904008003e-01
-3.686278249045631811e-02
6.567873957718264877e-02
1.407472220153276748e-02
1.510277974475508767e-01
3.490236868810616677e-01
-7.515899106242880309e-03
-2.143945391934403144e-01
-1.236710113533702887e-01
2.238114918529799935e-01
2.422547681983193146e-01
1.634371236249379522e-01
-4.854269573224446674e-03
3.213970568770193048e-01
-1.398984222361729368e-02
-2.811093841494577417e-01
3.289031432040699365e-01
3.060257138361360818e-02
-7.150285833429081972e-02
-1.873987982825767173e-01
1.661272077732488944e-02
6.915654566629236832e-02
-1.776774730811621072e-01
5.675206417438471290e-03
7.436963640784641227e-02
-2.574631464404818493e-01
-7.400025295039784623e-02
8.302053881423469839e-02
1.402551649084262386e-01
-7.692667320977639167e-02
2.838715875757282566e-03
2.810440252889388479e-01
8.552185867197995006e-02
-1.004045942618364898e-02
-2.080387214497850246e-01
-9.966759504935397695e-02
2.318137584617833286e-02
-7.432559222081576433e-02
-7.771012181161850163e-02
-1.440928447462868078e-01
-1.551101684440848658e-02
-1.382359984738031899e-01
1.498830273976904937e-01
-5.974904793792019941e-02
1.019287550197474079e-01
-1.776280203260988122e-01
-1.231235011157769538e-01
-1.821667736600906529e-01
-7.399351071322624041e-02
1.998629593005747107e-01
-2.166584709952216192e-01
-1.124056450333326684e-01
4.516148903367100086e-03
9.404534784457073415e-02
-7.649701616169578278e-02
1.095057727881752346e-01
8.277727696896206022e-03
1.848230830913643041e-01
-2.348800955029863302e-01
-1.343625778031908025e-01
7.105134109703006157e-03
-8.044963594591512945e-02
2.928275772748019645e-01
-2.942457475747920492e-01
-1.065730781291991808e-01
-1.004648148970442578e-02
3.968216243110893326e-02
-6.587709412202255588e-02
2.798205530775885186e-01
-7.173399308395438101e-02
9.772979359295418111e-02
-1.810957874638317172e-02
2.792048316124497442e-01
-5.565875875103531295e-02
-2.986600763836909367e-02
-6.778214017163815275e-02
8.230577843578090746e-02
-1.016719020705825344e-01
-2.293772586236185740e-01
2.107498599880145984e-01
-2.359989095305330131e-01
-3.346174766820049495e-02
9.720694446369024244e-02
-2.385026415315688320e-01
2.248992501210601291e-01
-1.298072651409464817e-01
-8.669045617858994746e-02
-1.537974409442496027e-01
1.601095365324659847e-01
-2.070780439170391563e-01
1.234191689946372711e-01
-1.155066894925488481e-02
1.774587511037367393e-01
-3.043950323328943933e-04
-2.269968152902721303e-01
4.848293131104784021e-02
-8.749514854601167513e-02
-6.233509682886715850e-03
8.930877868243039530e-02
-6.357519950382059526e-02
-6.303916225835644316e-02
-7.585826054078033398e-02
-1.007053260047824500e-01
3.268079322980008139e-01
-1.269358651599998902e-02
2.965998724468134062e-01
-1.911123588986965438e-01
-2.013713958714425378e-01
-1.716344166654878989e-01
9.815755846972996912e-02
1.731638076532187320e-01
2.562954579236841890e-01
-9.159888297980532668e-02
-1.224998576985413118e-01
-8.030279991152505792e-02
-2.363688711111677221e-01
1.348690110880237658e-01
-1.161875708530210882e-01
1.399573452457842093e-01
5.623477270947852685e-02
-1.039054090929295848e-01
1.634157085700319034e-01
6.519298928886747835e-02
2.642559607094720486e-01
-3.176745086124727613e-01
-1.316883013871292529e-01
-2.331427118018352118e-01
2.223482341857460909e-01
1.268470981214644411e-01
-1.186317626567046923e-01
-1.730123046905341910e-01
9.554574906796622913e-02
-1.568938271278732532e-01
2.065707794094146788e-01
1.351086210483957994e-01
-5.032659234422236921e-02
-1.232545995597028043e-01
-5.841244518764264482e-02
-1.062159013939058816e-01
1.393395480049921531e-01
1.783466270411143972e-01
-1.986999219401236819e-02
-1.829801292516278211e-01
-1.578460227425885765e-01
-1.496664949772428810e-01
1.621368782532561503e-01
-1.032312382355485836e-01
-2.064715055183513961e-03
-3.824517259919350820e-02
7.772817246148507053e-02
-2.260878468096690075e-02
-1.128436040701206178e-01
-4.711871506642197754e-02
-1.361964664959705862e-01
-2.987643144507881598e-01
-1.091019214777798202e-01
-9.331481082678176608e-02
3.458844305151829168e-01
2.288216205267200321e-01
1.562263019803068927e-02
2.877173676979658326e-02
3.584492914972399469e-02
-1.789903850826529141e-01
-2.097329665328052928e-01
1.330867036576421081e-01
2.312505772994546405e-01
-9.582921736407824798e-02
-1.934837261263527564e-01
1.451561492693257127e-01
1.495744118657465205e-01
-1.425083128737873461e-01
-1.490054603616609574e-01
-1.860819212732620076e-01
-2.756224928468530844e-01
-1.778143318253658511e-01
-1.415846063621508180e-02
-2.255791842406685843e-01
2.039980318530789684e-03
2.823556726943512452e-01
-1.171891956677187929e-01
-8.247094542486022029e-02
-9.803453820537452734e-02
3.720690808258569904e-01
-1.948164081492901323e-01
2.925826575678053820e-01
2.308661116258354795e-01
-1.494834299059240312e-01
2.127951921265348323e-01
-1.097448284938247615e-01
-2.496600134144535132e-01
4.342548206589375015e-02
7.918261050725633465e-02
-1.010236173065926640e-01
2.960083465490861432e-01
2.341640272481521623e-01
1.409426695069690427e-01
1.246195620256616149e-01
-5.461369924146702859e-02
2.919760966702860672e-01
-5.242565922882196777e-02
-1.490323676552662013e-01
-1.530326894925269632e-01
2.256870886787017416e-01
-9.480836111066216418e-03
9.170079616061839467e-02
3.025455317485641338e-01
-1.317067074313826025e-01
2.711014663797243207e-01
-1.823313316510089821e-01
-6.383674026342037178e-02
1.119359944876620327e-01
-9.085004767110239909e-02
1.236529527088136432e-01
-1.243608206064772403e-01
-1.735435639903824545e-01
2.282968022867738755e-01
-9.888547782540386966e-02
-2.961275860941826599e-01
-1.031348623031726613e-01
-1.115868868872137570e-01
-7.673325403480953100e-02
2.782906490961996604e-01
2.725493706598294472e-02
5.754759159274151770e-02
-2.241652227150446250e-03
-1.624848749637172740e-01
-8.267732598838326008e-02
1.604286149514851378e-01
8.005598710686455052e-03
3.432114437517819281e-03
-2.880853305353230365e-01
3.962525303012261191e-02
8.609778439333659605e-02
-1.705553489928411312e-02
6.251478281360341692e-03
1.936214793121135147e-01
-1.076615106178498427e-01
-6.178204983630405933e-02
2.094598198299614522e-01
1.688926595322871871e-01
-1.636180406455036707e-01
-2.161222288928617008e-01
-1.917984129364295187e-01
-2.028045295919974900e-01
-8.414317513949469418e-02
-1.895538515450680694e-01
1.036419100435647667e-01
1.969606317305403476e-01
-1.481992950286925292e-01
-2.901967343705937410e-02
2.626216568734448531e-01
-5.076907304965281448e-02
1.624466934771086890e-01
-2.463814558831907975e-01
2.946345282595740078e-02
-1.776158307039797934e-01
3.146077096180507349e-01
1.501889464831754513e-02
-6.430484049933773982e-02
9.747990735999577036e-03
6.977547976336002239e-03
9.538362267552499829e-02
-3.924095159501388153e-02
-1.626656147085048520e-01
-1.793217035498947121e-01
-7.001601322396970584e-02
7.283453516986240772e-02
1.252329495128378933e-01
-2.540235908618856953e-01
-1.879095925232464048e-01
-3.027622919775127194e-02
1.742284488461779413e-01
2.236521389532960397e-02
-5.195516689716216108e-02
7.052844605310909509e-02
9.598135942582452021e-03
3.809086572422733935e-02
-4.143474502398303977e-02
8.999133073768664226e-02
1.085277965720261584e-01
-4.641845125514698633e-02
-1.834356957448390057e-01
-1.418780042214249915e-01
1.625392943576309257e-01
1.214887685673266514e-02
-9.019515568799138516e-02
-4.760163437381875057e-02
-6.813577227166532635e-02
-1.203727486121669021e-01
-1.713965561690320993e-01
4.599675455035287519e-02
7.257444053578263055e-02
4.511833422112704328e-02
2.844353430587582068e-02
-1.978362359251058245e-01
-1.875141220398554021e-01
-2.973287870379648923e-01
4.115736824479922229e-02
-1.448838399079372397e-01
1.579451934424851434e-01
-1.951529187167555246e-01
-1.427893410810499031e-02
-4.089710566969569361e-01
-1.568123711290479727e-01
9.238859655428000028e-02
6.281147030747957771e-02
-2.949285413661627553e-01
-2.062551956605266079e-01
-8.671287725722573447e-02
-1.427850499003440188e-01
1.597507257851943641e-01
-9.203447626862136521e-02
-2.541551107679488816e-02
-8.789026136983409121e-02
1.163150134833211002e-01
2.402111532579250253e-01
-3.362021536727906323e-02
1.152513382254598262e-01
3.548086175332611225e-02
2.088027567784929428e-01
-1.062136074709042477e-01
-2.603745575260195677e-01
-1.235788087817139419e-01
1.636963477233868269e-03
6.080855395309732458e-03
-5.595300631570432337e-02
2.288884976465504484e-01
1.301710724893090920e-01
-2.143615749254407510e-01
2.980055469596073481e-01
-1.401182875713828935e-01
-5.974783439429207435e-03
-4.567606178536191136e-02
-2.283451344352251389e-01
-2.377297981441084673e-01
-1.410377720233473020e-01
8.001428783313559168e-02
-4.073949423662099473e-02
-1.819722680074056520e-01
-2.800933678153110298e-02
-3.660322232212040536e-03
-5.035396604401362608e-02
1.992511381694266667e-03
-1.066159964015751388e-01
-4.616026580633003640e-02
-1.308712157395230946e-01
2.077805048566278012e-03
5.839991474806438543e-02
2.923894268516163963e-01
1.075322017739833297e-01
8.200919735098333163e-02
-5.249356049475659147e-02
1.243451068130454334e-01
3.731726698863137293e-02
1.462182713650532311e-02
8.484108086283138894e-02
5.047526644436451521e-02
3.617456778256913918e-01
-2.133066685489439993e-02
-9.556905277451403780e-02
3.294524966697811585e-01
-3.095379636466085160e-01
-3.838064942510890226e-02
-3.666913079385503843e-02
-1.284378432936051084e-01
-2.835198276849838772e-02
1.799109351764540399e-01
1.072801681728440537e-01
1.029876052353839895e-02
-5.699895921052692410e-02
1.431222027191039747e-01
-8.132606286619299685e-02
-1.571344097169625198e-01
-3.227138234539387307e-01
-3.085120867831877001e-01
2.703106119855452905e-01
7.075873241627353427e-02
2.462696043357786302e-01
1.411954150559812382e-01
1.349027458653474787e-01
-1.709285037277640529e-01
-1.610268557251312571e-01
-1.792069952044853809e-01
1.531145388570683830e-01
-7.426587454322720883e-02
1.904151513573657251e-01
2.041109049985649904e-01
-8.358841477801057240e-02
4.969805253149881669e-02
-2.402175988506952686e-01
1.260676308713483129e-01
1.232412281696083911e-01
-7.191842339613425950e-02
3.486192161406082013e-01
-7.146224745782266130e-02
-1.383623017721952453e-01
-9.273958166210559406e-02
1.604564084852492523e-01
6.921359721857552050e-02
-1.535736334952607918e-01
2.205714926463191866e-02
-1.148925696432910731e-01
8.724698662023469553e-02
-2.824343805400491431e-02
-8.983343475689464785e-02
2.968990364718958053e-01
-7.309109382962634960e-02
-2.413319201569640027e-02
-2.362351964439090776e-02
4.603946496179581183e-02
1.180149087582691853e-01
7.747290158373390523e-02
1.533654199355810321e-01
2.580730978721327770e-02
-1.437094988390379136e-01
1.217478832157391222e-01
5.790178076854107792e-02
-1.752352140552108639e-01
2.026645108000138806e-01
1.083439707421737092e-01
-2.356106012145386952e-02
2.294262482661293678e-01
-1.313414678180611361e-01
2.656521393298657760e-02
-1.106426281784311794e-01
-1.326892235044001278e-01
-6.482214098500633896e-03
5.636564553146915235e-02
1.640518016473115070e-01
-8.704908112455994953e-03
3.420482034880818478e-01
2.875620752622789489e-01
5.634747270947326053e-02
-1.337830465809246028e-01
-9.601423402286753117e-02
-9.676684382987589539e-02
-2.256461108478771960e-01
3.187066969587615956e-02
-8.673028509593282143e-02
-1.633968872427718766e-01
-1.963559998808759588e-01
-7.014194376244095586e-02
2.254244788792625354e-01
-1.643735658706145797e-01
3.576798756210327057e-01
2.471826192962131297e-01
-2.392387300125680544e-02
1.088677990838129439e-01
-1.565031937151545038e-01
-6.810389327792022718e-02
-1.778236415427606465e-01
-2.919716700469808610e-03
2.788314734627144742e-01
1.624302413406145118e-01
1.664865555236486327e-01
1.028940884130906952e-01
-2.851149947316874642e-02
-2.135532795839892584e-01
1.338673983063350392e-01
-1.158420669602005931e-01
1.453973722459327433e-01
-2.242687255028753823e-01
-1.789678319352788205e-01
-2.868339878525144604e-01
-2.563434245339780704e-01
-9.063724541706268123e-02
2.435427915438176383e-01
1.086206610030684694e-01
-1.207307842316483193e-01
1.312423383400770083e-01
-2.790959053100833809e-01
1.429211587337066991e-01
1.604996165088451721e-01
-3.054327301591119870e-01
-3.036989121326818045e-02
-9.725930268125218547e-02
-9.224734952387195208e-02
-7.164123129671780277e-02
-1.828365406744895394e-01
-6.321526669270342846e-02
2.752354518918208037e-01
-1.314613987983506982e-01
-1.380042825235882897e-01
8.432064194905873611e-02
-2.054320362012450607e-01
4.476284290763154344e-02
-1.340861857274041058e-01
-7.911180271513414131e-02
1.268201522084044519e-01
-2.099739889738441168e-01
1.757442356694939867e-01
1.473758704597146474e-01
-1.260258237256372538e-01
-1.821681931728924841e-01
-5.283591607793209494e-02
-2.836737695115956748e-03
-2.144176510442934724e-01
-1.860648658803889799e-01
2.486021476400890606e-01
2.163955133439238523e-02
2.724095601446031162e-02
-1.726059807968273185e-01
-1.362423854156349645e-01
-1.454648997187446280e-01
-8.381938671647072570e-02
1.552028964552025145e-02
-4.154921830738881119e-03
-2.029486504340650421e-01
-1.006832220156663737e-01
5.382963969473118782e-02
1.649588426854499135e-01
-6.072303041690629843e-02
-1.847468417554543607e-01
3.612859062618259398e-02
-1.961143574478448337e-01
-2.205347345682811405e-02
1.803043768465028285e-01
1.902636077222934208e-01
-2.975719719564625665e-01
2.429815116200368663e-01
2.558483731122425664e-01
1.183148731879645893e-01
7.129581019373504303e-02
-6.146089624738192148e-03
2.906497262423723416e-01
-1.425760531554918498e-01
4.876307481945767186e-02
-1.442936392635895959e-01
7.959157149860664193e-02
-1.681361826221277056e-01
-3.969708653761506306e-02
1.379465672554751055e-01
3.982964484191343912e-02
8.152605543267646415e-02
-3.220389769174542005e-02
-1.383340195119750482e-01
2.235226193058663380e-01
4.153694181132001895e-02
1.279397187928792978e-01
-1.449580157241859013e-01
-5.942881224189083822e-02
-5.982524348489820509e-02
3.784333525043612201e-02
-4.611863812955046930e-03
1.431896333682374824e-02
-1.780769859189916815e-01
3.494185361139843238e-01
-1.382870964127283775e-01
-8.833409567340128055e-02
-1.963290798002849669e-01
-2.045163972760711824e-01
1.560553227255475836e-03
-1.494236717449766438e-01
2.944452137533068448e-02
1.955017757149766500e-01
8.867962536295059817e-02
-1.413188274658049859e-01
1.793357199346925016e-02
-1.293257690478893940e-01
1.816473171998537750e-01
3.258483629795774772e-02
-1.288195616265962740e-01
1.539008951678505210e-01
1.670919162602722829e-01
-5.803727902290884560e-02
-4.118570596896690972e-02
-2.106357074376609406e-01
1.158309723034295184e-02
-3.404876078774639048e-01
-3.501855934962909422e-02
7.209178670575262966e-03
-1.512981016747607516e-02
-1.433780895211130002e-01
3.582218759132965724e-01
3.805047476990929822e-01
-3.983355598902455635e-02
-1.691392407061004521e-01
1.194530155987329201e-01
9.728661832726123726e-03
-1.255411490185471823e-01
-7.399046703610055731e-02
-3.675558719163528332e-02
5.578007115363113610e-02
1.638500678087908558e-01
-2.712614697736014935e-01
1.004078705676365729e-01
-7.905665953669616108e-02
1.312571989590804455e-01
9.419329313384069979e-02
-1.754035946474863938e-01
-5.566205483541432353e-02
2.311112676873398608e-01
-1.474397101718756542e-01
-3.068214620214054084e-02
-1.354689441136243400e-01
-2.275877751042784947e-01
3.107523044605886020e-01
-2.105346093583305156e-01
-4.233916057521678461e-02
-6.081312395756691136e-02
1.866097950022627128e-01
-4.050191615962153019e-02
-1.687921183081478038e-01
-9.672965510612617501e-02
-1.272483148263188202e-01
-2.784578902680768797e-01
-2.047983825965396243e-01
-9.724668903304553580e-02
8.575773952768075969e-02
-2.125936707620368696e-02
-1.666154790230735538e-01
-5.825104572781384521e-02
-1.528458018802931195e-01
-1.335900990347876627e-01
-1.430489771666549059e-01
8.680326850192425503e-02
-6.457506343586885689e-02
-7.583590643136538245e-02
1.545382612481918938e-01
-2.620937851495600546e-01
1.345378329212287560e-01
2.922765187329567915e-02
5.074942768582772767e-02
-3.649068145070828717e-02
-1.377307669587294336e-01
1.219372920932783183e-01
7.794746630666131437e-02
-2.737902148435386596e-01
1.799266341926653856e-01
1.397522537377338635e-02
6.196410799968946753e-02
1.647762383579023937e-01
-7.571477123869622960e-02
2.548999075339627440e-01
-2.916045295810378718e-02
-1.603644272872020715e-01
-1.549217856759470963e-03
-1.905967993974724550e-01
-8.902460900152399381e-02
3.713154389134353667e-02
-8.043728775691366684e-02
-1.287920342465058710e-01
1.420324710173614391e-01
-9.573959815057567213e-02
-1.754210688170462218e-01
1.606860249810105612e-01
3.565436220734836265e-02
3.759408710923221181e-02
-1.369303289759231657e-01
-7.327842794679278321e-03
2.668114257591979732e-01
3.132991257073000080e-01
1.808704623850599380e-01
1.644159919440952300e-01
-7.988748573444526269e-02
-7.982719498208457054e-02
3.211419419743020698e-01
5.575924270814302391e-02
-6.096909623851787946e-02
-1.911957286104939979e-01
8.269316360430230273e-02
-1.309651306384571612e-01
-1.057603421407921768e-01
1.407412470260149991e-02
2.949741772383264807e-02
2.137772794140619520e-02
-1.669711287819470868e-01
-1.738503218137774364e-01
4.494121225703176861e-03
1.573495952320181357e-01
-1.559402008391740924e-01
1.941851479023402882e-02
-7.598364180116495836e-02
2.338790157927607971e-01
-9.231563332942210875e-02
1.599029247962293343e-01
-3.997919932323063669e-02
-2.005380762725595400e-01
2.619979101822098588e-01
-2.012078602670052687e-04
-1.045084916118247387e-01
1.195292727354907956e-02
1.359609251930738449e-01
6.291890347707793096e-02
-1.354482907403551373e-01
1.241211128797824470e-01
1.475594214814834881e-02
-7.639647878290906080e-02
8.534087039784384043e-02
-1.249477972500964151e-01
1.458130701325932588e-01
-1.731620645127570357e-01
3.677933186028608525e-01
4.353330196748516484e-02
3.187643951855583246e-01
-6.239785723105460355e-03
-1.373367002863918607e-01
-8.710460241570955331e-02
1.824013524828773658e-01
1.045159027384070238e-01
-6.927440509546416159e-02
-1.582479404697625935e-02
-1.344151745913278184e-01
2.686016274797482506e-01
6.014949483366283101e-03
8.300263106345025232e-02
-1.884877317088639037e-01
2.588967997285566702e-01
-3.264230834691026623e-02
-7.834958407973396932e-02
-2.725707957382211138e-02
1.920746928124400232e-01
7.466886748048867650e-02
1.558567345865427001e-01
3.055522206206579550e-01
-5.287281900397741707e-02
9.205964773207622742e-02
1.391841354726657820e-01
-2.588163157551617161e-02
-8.402017483622727101e-02
-2.663157017843829077e-01
-1.840707314081290180e-01
-1.618553422377570772e-01
7.637811539322701682e-02
1.986035402056464672e-01
1.788331626042011235e-01
-6.529501938821714868e-02
-1.309517326616050081e-01
-1.381873581633066839e-01
2.402298165515357742e-01
-1.513667076913816911e-01
-1.622295950028010136e-01
6.955052022572634496e-02
-8.907394373945919097e-02
9.577565705308344057e-02
-1.928957891157524474e-01
-1.259546706260882276e-01
-2.181633033281188960e-01
-7.003592190635661574e-02
2.228089708032730820e-01
-1.452428649019067708e-01
-2.086508187542987156e-02
1.895306842104450828e-01
8.139737874587957278e-02
1.074770765967746977e-03
-1.192188588756387807e-01
-1.283361870874528132e-01
