# GABRA6
-3.386754620664379489e-01
-7.920357725421281470e-02
-9.859361106241176960e-04
1.735896551870641513e-01
-5.546025086912594049e-02
3.001678166840963669e-01
2.182308085230056927e-01
-2.305573256958614037e-01
1.489085027340239786e-01
1.426717171798711770e-01
-2.005106117179273617e-01
1.013514555965716463e-01
1.800002628602198340e-01
1.579637746978292817e-02
-2.262839206701545980e-01
-3.425943560182067582e-01
2.022914198171407441e-01
-2.153446356766055003e-01
-3.872523694928605154e-01
-1.755485041491538275e-03
2.679429430537910717e-01
-2.923944184873209506e-01
1.000851081441902907e-01
-3.176700553448910114e-01
-2.183055900050374643e-01
-2.055282920867590180e-01
7.723036662428742205e-02
-2.106878140215530659e-01
2.659723084147020411e-01
-2.210522288437378746e-01
1.896830836637452278e-01
7.064786293900882086e-02
9.736576888498146842e-02
1.556509477868179940e-02
-3.356936219719577896e-02
-1.094837290749478137e-01
2.276413370137235770e-01
-1.547075783684986883e-01
-3.023276348959612614e-01
-6.479439668833882060e-02
1.338581056953561665e-01
1.739128049771165863e-01
1.141636047960302713e-01
1.144644530785910996e-01
-1.941943519746918700e-01
-2.824890575246083446e-01
2.592650352318612850e-01
1.461778045051354002e-01
2.101251545106278817e-01
-5.844649324598685108e-02
-3.051728133384210701e-02
1.390320800950348434e-01
2.709981090620475763e-01
1.042773267026646938e-01
2.422656474014524275e-01
1.541809502809320664e-01
5.568966768905775355e-02
-1.253548539606697820e-01
2.818384148860330063e-01
-1.703338789264202124e-01
-2.042512589394807759e-02
-1.041468668539313747e-01
-2.022451785589106030e-02
-1.281064384355069807e-01
-1.793156383372763174e-01
3.115058336907071748e-02
1.393606877128084620e-01
7.961296367496051296e-02
-2.289193169239429893e-01
-3.656452054817507791e-01
-1.389239200205195923e-02
1.504770400139300024e-01
3.140734835445027073e-01
3.033890396996966610e-01
-8.079070305676729069e-02
1.218953344462208044e-01
-1.376315905723463906e-01
-1.400130389783584839e-01
-1.451836196979656435e-01
1.210364658681980718e-02
-3.072926372881936707e-01
2.363414704971799063e-01
1.389643817650716359e-02
1.478743748717349649e-01
3.077729060867704369e-01
1.444043263122436471e-01
-3.412110356855043714e-01
2.300507343619162537e-01
2.205923206003565229e-01
-9.559482797917603913e-02
5.816385963469943021e-02
1.724045494349863705e-01
-1.664644859428641155e-01
-3.533050715081766380e-01
-8.605499962979232254e-02
-1.155803122934207904e-03
1.022902198342070558e-02
2.012580675832842392e-01
-1.909814116436380771e-01
-6.616620304301881750e-02
3.376992855559148299e-01
2.732987793224718742e-01
-1.918720875197918105e-02
-1.453954489401397543e-01
2.583898777917785147e-02
-7.967429212467083688e-02
-2.068156591649848997e-01
2.748977605356818787e-01
3.156502231383525592e-01
2.601849817918678864e-01
9.331217548693766795e-02
1.241007058661378337e-01
3.800553653098405205e-01
2.673037851006201393e-01
-4.794347108898347823e-03
2.476432751462344928e-01
1.143057021185577421e-01
-1.743925163714437135e-02
1.049185889173012143e-01
3.481436935605671662e-02
5.244720238396337331e-02
-1.272677502477690403e-01
-2.512595759627381242e-01
-2.332393020624773661e-01
2.627362655041683426e-01
-1.867487462425739819e-01
1.842445048572336763e-01
-6.206791766921146425e-02
-3.973232462087446931e-02
6.912510620887520052e-02
-2.602777110305720121e-01
-2.971118322629159314e-01
-1.591276020386970247e-01
-2.410225819361599686e-01
-2.633311065431094833e-01
-2.571654949342883079e-01
5.102710143393980602e-02
8.140813366438945375e-02
2.149420775052497679e-01
1.309111299868689904e-01
-3.713863049811886446e-02
-9.227016039862703800e-02
1.556582088683413356e-01
-2.010427149658342016e-02
5.220517197417765334e-03
-1.790501656918620788e-01
-1.457680422569325451e-01
-1.740145815932254147e-01
-2.021940738476011856e-01
-2.729916088025990950e-01
-9.239204335539848156e-02
-1.458835975243197580e-01
-8.986833576775576926e-02
1.547053130723454080e-02
1.225226948113804087e-01
-2.507963043767604816e-01
6.773868621640845300e-02
-2.502735915172486503e-01
-1.084777815608536644e-01
-2.195583969745326311e-02
-1.669109327195260617e-01
1.700365708307879919e-01
3.806471742631926947e-02
8.973401931451331637e-02
-2.275461334559467919e-01
-3.501198855565189616e-01
1.200614937843902802e-01
-2.955605987691976577e-01
2.116540212153321110e-01
-1.960095585336469881e-01
-1.576225411347249861e-01
-2.230059050914846019e-01
-2.326941567581868042e-01
-1.752583305446024364e-01
3.511624996547986766e-01
-3.559892947996582402e-01
6.548703223281264474e-02
-1.059345138250769591e-01
-1.125381689586097828e-01
1.469391803833332288e-01
-1.780540882318032078e-02
-2.277962106135671128e-01
-1.323375973332147071e-01
-1.952647620437474307e-01
2.384707962657895697e-01
3.704297663616517022e-01
2.270868388369929602e-01
-2.671631236644220198e-01
3.513087349569025131e-01
4.133781047643451945e-02
-2.844561631608649721e-01
1.756089657616810573e-02
2.492209142119131693e-01
-2.944206671554260302e-01
1.073159463209970299e-01
-3.299017618314192823e-01
5.140639215512641386e-02
-3.665783202013412484e-02
2.344694194231133066e-01
-5.281756637051177039e-02
6.917003719400890982e-02
2.723519791635864995e-01
1.349676052265648581e-02
-1.206894584788303221e-01
1.121679243762736117e-01
1.487440923866658327e-01
-8.117841750114488525e-03
-4.801685516773550322e-02
-3.691509992815277252e-01
-1.664253610565544217e-02
-2.128480226716810697e-01
-1.471557161919253565e-01
-2.423715251588711705e-01
-1.388605360071664685e-01
-4.486675846277626833e-02
-1.172328751019404564e-01
6.820445365049307429e-02
1.066945664758086054e-01
1.115264953486742004e-02
-1.504035949717469067e-01
1.318039328046351384e-02
-7.543495651520722156e-02
-2.749039522994631279e-01
2.663555478270941343e-02
-2.376168572569567761e-01
-9.730285406782376856e-02
2.631591299099106940e-01
-3.173152065163654667e-01
3.343846724021430905e-01
-2.038983527057281198e-01
2.263102291190756121e-01
-2.576462907758106935e-01
2.231937958229961994e-01
-1.147418022689396244e-01
5.027654484788462996e-02
1.800742830838642783e-01
-4.457696053727248919e-03
-2.840999795131015082e-01
2.565894371721955669e-01
1.927784618161419716e-01
-3.598544314773087505e-02
2.564846436444925271e-01
-2.132915757158079448e-02
-1.562223010837776316e-01
-1.888456664967485543e-01
-1.409464753600819520e-01
-1.231112921583709940e-01
2.581282109611052755e-01
-3.120201167749391824e-01
2.711597431959658078e-01
1.293486814930072948e-01
1.880674412689947450e-01
-8.056049732422727871e-02
-3.049864105706810991e-01
2.284827854333177366e-01
9.606311903423746246e-02
-8.913169694736133852e-02
-2.717291278764228518e-02
-1.461805871996552375e-01
1.820042451615031531e-01
3.478018911602995256e-01
1.553059320214418282e-01
-2.048473188177729887e-01
-2.383591882967107112e-01
-1.682170075547197163e-01
8.964711241274588016e-02
-2.807515905582748730e-02
-4.899958085994254170e-02
-1.989269952739083080e-01
-1.892616642268775962e-01
1.073763439425040774e-02
-3.956268020991298567e-02
-2.929281510664402122e-01
-2.970264093481574386e-01
-5.788397032762554462e-02
3.518198097995033913e-01
-2.214233695331459945e-02
-7.769391263625897992e-02
1.945483335994457330e-01
-2.492676209533138676e-01
-9.875026749137409687e-02
-2.699534809881822262e-01
3.000954585659691976e-01
-1.728589775600775091e-01
-1.174036555540380194e-01
-3.168397450333620968e-01
1.097594787157673557e-01
-3.166051517212860045e-01
2.554982902218284058e-01
5.964696952233661947e-02
2.053105461399553633e-01
6.794416909991073117e-02
9.288601861621405276e-02
-1.944024389930721908e-01
5.539693894167053989e-02
3.413214996715503435e-01
-1.723889317391909259e-01
-2.649858292076686106e-01
-2.506695715651613421e-01
1.041036257921011121e-01
-9.510934791786725129e-02
-2.710022282315132092e-01
2.026984736255670050e-01
3.848207245447254204e-02
-7.067912816526329689e-02
-8.214438968226793480e-02
-2.117045595508456612e-01
-1.311608180523170519e-01
2.882836801319392794e-01
-2.475630500053905558e-01
2.167755294741338101e-01
2.179719953011508560e-01
2.376372905669200120e-01
-1.707667703541363990e-01
2.320279312035079256e-01
2.887184891571872858e-01
3.218122388773977244e-02
-2.385673314311982929e-01
1.343535420929017898e-01
4.963794387217247694e-02
-1.908309937013787094e-01
1.956008630434346585e-01
2.221941255996557063e-01
-5.400596101884206496e-02
-1.182405348505147745e-02
-6.865258660723616568e-02
-1.894204894617755042e-01
1.277860524163890177e-01
-1.873059565590202633e-02
3.210148287307338921e-01
1.119576669474829783e-01
-6.194670498956960508e-02
-1.289439365801852977e-01
-6.880625433280739001e-02
-5.187498563923143013e-03
3.805164580852393036e-02
2.083069738852325881e-01
-2.173849231093329115e-01
6.525505889588840980e-02
-2.195534492776106128e-01
1.097780723868557740e-01
5.005470041337874848e-02
1.267880844494392589e-01
-2.347772732476366420e-01
3.293783891066544012e-01
1.165001832475133919e-01
9.174942788674540772e-02
3.716329087172495771e-01
1.442130927537898788e-01
-2.589230779196293741e-01
-2.395627916269761348e-01
-4.295549311932997383e-02
1.534445066492668153e-01
2.413596205816085586e-03
1.553686929416137064e-01
1.779758556087820132e-01
-2.548076631963888672e-01
-3.390961568619787481e-01
1.257557399484930949e-01
7.600238991844823766e-02
6.188799809615248143e-02
-2.905933993444559382e-02
-2.621598992529591225e-03
2.550516025335013426e-01
-2.204120489204617339e-01
2.382825494990628568e-01
3.095925209267013090e-01
3.102817177277177318e-01
-1.446370365830060567e-01
9.335690888296747925e-02
2.380005616998390749e-01
-3.938885076329780577e-01
1.650959601039594660e-01
-1.430008263263596036e-01
1.082230539331291014e-01
-2.847879845267852622e-02
1.804406003044718709e-01
-2.664873932723886840e-01
-1.099481010456442170e-01
-1.926204743694646671e-01
1.592729670890691562e-01
4.318772715768103704e-02
1.418975323009681599e-01
-3.231293089803794483e-01
-7.331385825851931271e-02
4.274083966496660530e-02
-2.811511847559214905e-01
4.702787052653474575e-02
-1.575865461572481807e-01
2.710608595317005598e-01
3.143387710388466372e-02
-2.150470912187931599e-02
-8.872729205412915876e-02
1.864588240940660835e-01
1.175323193632810126e-01
-2.422736043246631055e-01
-7.906458405474997564e-02
4.919493192536188858e-02
2.523862250722665457e-01
2.422133801603084668e-01
-2.163164778994473500e-03
-9.246850426502488396e-02
2.081516612212885586e-01
2.107626313338468449e-01
1.493765188792026688e-01
-2.225429471507952561e-01
1.788696152523972793e-01
1.011431433743619629e-01
5.625040420070345076e-02
-3.325181799979741726e-01
1.035534497452257202e-01
-2.660024046483862592e-01
-5.723435418842539452e-02
3.822175732807962523e-01
5.208913663745071837e-02
2.261726516644588514e-01
-2.420906196907130215e-01
-4.800433171617413119e-02
-6.550931569245840858e-02
2.430141190391341965e-01
2.153567310792882938e-01
-1.401940411727891078e-01
3.412914228264320865e-02
1.306960164261555257e-01
-7.080605957075772339e-02
-1.591824220368809328e-01
3.338821812478037776e-01
1.010724019468123291e-01
-3.256433596701532318e-01
-7.356358468739045142e-02
1.160607613324141502e-01
-1.867276462895413602e-01
-2.105840308218700774e-01
-8.043881138974788569e-02
1.111302717279586544e-01
-9.723909746965228584e-02
-1.263171171910303647e-01
-2.964492655693558021e-01
1.903134468553401570e-01
-8.479037619430693229e-02
-2.502573326285165156e-01
2.727790810045104264e-01
3.109420761822731527e-01
3.230104419106610836e-01
3.494657271397783593e-01
1.825626082373311976e-02
3.887659421480911259e-01
-5.253986698191425234e-03
3.668673292875633263e-01
-1.551672463891257958e-01
-3.147217649014253937e-01
-1.368588791921252212e-01
2.716666641477132327e-01
-1.757346503907957491e-01
-2.091579258100746408e-01
2.050130131195279926e-01
2.354520522717228337e-01
-2.212743703504999604e-01
-1.226383894470236408e-01
-1.144427143554618970e-01
-1.139594661761116068e-01
-3.120322325312709366e-01
-1.411185028593549828e-01
-3.354404440409326782e-02
-3.260758751375706366e-01
5.444342278120498785e-02
-1.225739329616277046e-01
-1.931636970159376077e-01
1.620637485540089573e-01
1.682137130456131391e-01
-2.135943840556187717e-02
2.114953076722592695e-01
-2.054429163787329926e-01
1.208663073576541208e-01
2.632011711996232184e-01
-7.995240142017581708e-02
1.783611297806239893e-01
-2.999130393522483340e-01
-2.129765682261053616e-01
5.657402446231406257e-02
-7.574117591544768380e-02
3.605786419519366737e-01
2.927970883408685943e-01
-2.352158010621118456e-01
-7.505293393037056060e-02
3.018190585600891152e-01
4.569783581854156562e-01
-3.161301917435149211e-01
7.637947973888933872e-02
-3.079702822916685970e-02
-6.929723034325856179e-02
-2.219671349228606594e-01
4.726373047994331111e-02
-2.279616394750021494e-02
3.524596253445894112e-02
-5.165076067671002524e-02
-2.830627014685938719e-02
2.375542203912566208e-01
-3.194682413944092015e-03
2.902311143665842197e-01
-2.786195996619026394e-01
2.267607598230899912e-01
2.997259928640715332e-01
2.187479936656000212e-01
2.964002632956256721e-03
-1.690636358535756167e-01
2.849224504752245757e-01
-2.951233872885287712e-01
5.916281386397190256e-02
-2.558848277395079363e-01
1.378036318668515170e-01
8.881835247226219088e-02
6.214785637628463671e-02
6.168760187779544907e-02
2.913592234556686145e-01
-2.512289524017654596e-01
-3.273399044794670365e-01
3.311360897034335560e-01
1.070394171629536623e-01
-2.027534870193148722e-02
-6.778089595835687375e-02
3.150095409471815322e-01
2.906184478738573218e-01
1.553945580211160971e-01
-1.489990955901293601e-01
-3.799750447782442864e-01
-2.029906582730948428e-01
-2.993683477692534733e-01
-6.374834625624742346e-02
-1.530190545859229090e-01
1.373357649274010439e-01
-6.105939719383474996e-03
1.605727407639663540e-01
2.511384420037812704e-01
1.396572117141142155e-01
-4.708267059778237229e-02
-2.837632300515716133e-01
-2.662027633732333975e-01
1.041390638410755048e-01
1.495826943844509871e-01
-4.573465907789014268e-02
3.069130266168106358e-01
5.417163125593936479e-02
5.145247218982590409e-02
1.803725093088166809e-02
-2.615651711254269318e-01
-1.362421185047788252e-01
1.333159440872558332e-01
-3.208895234421468290e-01
1.420879736206180077e-01
1.598086673915638176e-02
6.992472368710810071e-02
-7.410788441525703596e-02
1.713157553569596425e-01
-3.932888099688507805e-02
-2.444480765002569889e-01
-6.988378638964116984e-02
3.086043265855565876e-01
3.121809644449166088e-01
-1.156727608849665023e-01
2.639679684745820931e-01
3.636145551089734473e-01
-1.381395548245712146e-01
3.117053495283004239e-01
2.329060579849818735e-01
-1.982755696292370640e-01
5.363874443258975777e-02
-1.425139134689120124e-01
3.398722206640342747e-01
-1.673676385680883116e-01
2.441982348585277907e-01
1.496062821199255211e-01
3.425670386931940065e-02
3.956636497058406143e-01
2.343254439467455374e-01
-9.098503781197464502e-02
-2.768050414592844177e-01
3.243414497123217055e-01
-1.410859147817764836e-01
-1.567171818219052215e-01
-2.890754790415226427e-01
4.117149525678351178e-03
-4.312394577132585421e-02
2.879106409949791501e-01
-1.775676617443059380e-01
-2.688949380390491251e-01
1.872409817477712068e-01
4.787920081438494166e-03
-2.121015012978031411e-01
-1.538081487528164815e-01
1.132145587503546463e-01
2.590782523436534479e-01
1.907465908241297581e-01
1.801339399267444519e-02
2.177770067085447458e-01
-1.797635936535678380e-01
-1.098067829509151994e-01
-1.705475173862807947e-01
2.156260130941242692e-01
-3.017694721496022026e-01
-3.502988789686202198e-01
-9.742907018168807387e-02
-8.748545971643513844e-03
4.835371001875715669e-02
-3.074554358461973891e-01
9.538234300765399687e-02
3.018386298740614038e-01
-3.594269177740419541e-01
-1.100798310260448810e-02
2.888332894721717392e-01
-2.486077403055836355e-01
-1.254128187240568792e-01
-2.126430530331962498e-01
-1.571044056322610238e-01
2.210552149630588270e-01
-1.757767002142655854e-01
1.096151887106351641e-01
1.733417546402866438e-01
-2.789012710993855060e-01
-2.045983078616335493e-02
-1.062107325735467400e-01
1.263040582446151583e-01
2.996900650494097040e-01
6.402919648078070347e-02
1.142723879425041889e-01
1.551491052400868209e-01
-7.931994501870490155e-02
1.213043375240728805e-01
-3.659278074316563156e-01
-1.388841330543986452e-01
-2.199496081916833823e-01
-6.156899261645975424e-02
-9.984421840026318218e-02
5.391037692006198784e-02
-1.872973223511979202e-01
7.692944649398635037e-02
8.564934445496008575e-02
3.137339083025951492e-02
-6.502319822504218361e-02
3.424563313497650530e-01
-2.083235392172228528e-01
-1.019801908066190477e-01
8.671908114746416929e-02
-2.320524073474721782e-01
1.022724818013090731e-01
-3.591899793739959934e-01
-7.796360914023381383e-02
-2.074403311323522459e-01
-3.254297655839140657e-01
4.143030160886386482e-03
2.315899418160221601e-01
1.312895943623900441e-01
-2.150011612713639136e-02
1.808015258768920774e-01
1.593194043378257929e-01
1.883999480717220842e-01
-1.987565143637287299e-02
-3.515386736210274754e-01
-7.345863178194908527e-02
-2.342852069182858321e-01
-3.173246583424753631e-01
-3.656587995767461852e-01
9.162309722335940099e-02
-3.297423703266958439e-01
-1.674668475371627469e-02
-2.191530420181907191e-01
1.289458423832672285e-01
2.404300318764139022e-01
-3.272226801484932612e-01
-2.520051908545795638e-01
-1.203288755685856387e-01
-4.710483956769961900e-02
2.320581132143654524e-01
-1.442176721765560665e-01
-1.062580473356170008e-01
2.376217043947519494e-02
-1.105954864658475478e-01
-7.169645829543931648e-02
-2.986124469365158407e-01
4.477889829879071193e-02
2.011909570604138442e-01
5.712986070220938545e-02
1.977649718462969886e-01
-4.713240148656512585e-02
-1.820653725139366741e-01
-2.789883502331185761e-01
1.224142012533022822e-01
-3.373034311981244759e-02
-3.056283652782827431e-01
1.940443104670624419e-01
1.434205290087685047e-01
2.358363815589938073e-01
-2.912500554215717297e-01
-2.493586928416416937e-01
-7.388319611146021426e-02
-1.871365285998407013e-01
-1.275068947698758913e-02
-2.124025027095700069e-01
3.231954624997803727e-01
-1.783480638261906726e-01
-1.845030471324606847e-01
3.143430196522446762e-02
1.903255764002353412e-01
-2.235082976767370500e-01
-2.633507636726869494e-01
1.038758480012867275e-01
1.328922526188672237e-01
2.101229610192580921e-01
-2.427638085203647211e-01
-1.079013313303435334e-01
-1.506243742320315937e-01
9.643438724962179187e-02
-3.471215798858204860e-01
-1.253441604553773292e-01
-8.030297490634290269e-02
2.182223338511100341e-01
-1.431444105384218346e-01
2.568288889201392200e-01
2.181034327126340350e-02
-2.551200763931252453e-03
-6.207736968992023929e-02
1.282471965013808890e-01
1.724580634921402400e-01
-1.495139976357412748e-01
1.151892191293112933e-01
-3.211131942225799174e-02
-4.136620660890760054e-02
7.346501251067219518e-02
-2.038798568353034635e-01
1.204918499302405216e-01
2.346573968781364983e-01
1.576737277448390651e-01
-1.645589495549201198e-01
-2.920479766408926592e-01
2.235565037216073192e-01
2.191303537724703654e-01
-1.983920342262232572e-01
-2.355086898390428007e-01
-1.252764903760373583e-01
5.545757616376960353e-02
-3.039009434644943664e-01
-1.953406507634694034e-01
-2.477152343009641489e-01
1.534389572780195110e-01
1.327303730455185182e-01
-1.391986605448411463e-01
-5.741702684505706200e-02
4.438921676650578463e-02
-2.393437088191836815e-01
-1.094483299717620289e-01
-1.650230635113577315e-01
-2.817132152308186865e-02
-2.628267209630290036e-01
2.018717871270303554e-01
-6.983821347409160940e-02
-1.456394903253616785e-02
-2.457828199043043949e-01
-7.731363222117508538e-02
-3.157018331280295881e-02
4.157708904029561170e-02
-1.005951589080833763e-01
3.596178969857951602e-01
9.311225696534301821e-02
1.604521769882299997e-02
1.502630105946097250e-01
-2.394188480088400850e-01
2.145702875899223594e-01
4.145258243671688658e-02
-1.293917746975926375e-01
2.865262767059895133e-01
-1.876964232445638703e-01
-2.557878834111754207e-01
-7.435871253519255215e-03
-5.070052419410720629e-02
2.846956455629154337e-01
1.102041223001681974e-01
8.344852003046221434e-02
-4.599217486989721354e-02
-1.410815209649700086e-01
-2.364719855205807408e-01
-2.567155396316864180e-01
2.710605098014112202e-01
-1.203393925574230278e-01
-6.696085147262414994e-02
3.028562256316709167e-01
8.168425519387484401e-02
4.725333888966678358e-02
3.260017201109609575e-01
-2.044722371531984551e-01
-9.532496878600325851e-02
-2.232000609545195247e-01
2.412875842787693959e-01
3.058296482358051627e-01
2.361885784607751504e-01
-9.654738402706154396e-03
-4.473218772204634597e-02
1.960628371161493022e-01
-1.031309782351372689e-01
1.868253695875776027e-02
1.669517492126959546e-01
2.985159241410073050e-01
3.856417339667489452e-02
2.932155253868368172e-01
3.220223696493039744e-01
-3.151315744354058479e-01
-1.798196205162671049e-02
-1.907580394466779350e-01
3.834356311140584839e-01
2.441775802551023056e-01
-3.334441776893141696e-01
2.302070393571459539e-01
-1.086111965766320825e-01
-3.503076047334155452e-02
-3.913843129367042262e-02
3.238857838610915696e-01
3.200782970876655531e-01
-4.501570231247981058e-02
-1.969688584909471130e-01
-2.644591058291130836e-01
1.937405330388670133e-01
3.049465789823000428e-01
3.665797580878344952e-01
-3.051134695471792169e-01
-3.072991316802606843e-01
9.584672672037135299e-02
4.281639982481125900e-02
3.192518367131484958e-01
-1.208298332436990863e-01
3.797591034406872512e-01
1.398233168594417986e-01
-4.574587820252046244e-02
-1.748900820563838998e-01
-2.315708682402777274e-01
1.705402916828954729e-01
1.412574013079934965e-01
4.703280299906099221e-02
-5.665634871839715994e-03
-3.171643985235420016e-01
5.326425839502544474e-02
-2.435561140949940861e-01
-6.513372599062734226e-03
-2.878275671884751863e-01
2.190009184221690386e-01
1.953118367815422085e-01
9.687093817145936425e-02
3.957875620665107785e-02
-2.259229695814227168e-01
3.346684585992474315e-01
8.342603927091039873e-02
-2.946784576216168738e-01
-2.583068901726155442e-01
-2.087507015609687266e-01
-2.248848094903584671e-01
-3.677885193963738586e-01
-2.590101316039923260e-02
2.504357117020517554e-01
2.896239014731252226e-01
2.772488825154894587e-01
1.820411136567481047e-01
-3.556230154264317100e-01
-1.462722603931667920e-01
1.224097062089870153e-01
2.496531802172509973e-01
-7.700385055532779632e-02
2.632922112039281504e-01
2.527421714861416424e-01
3.846084923886302492e-02
-2.689375933162928001e-01
1.680609356597752568e-01
2.030189790736281266e-02
-5.735951466969887308e-02
5.735236635139945305e-02
-2.870982714457959162e-01
-1.350638555100540372e-01
1.715380413680487603e-01
3.150872025293813272e-01
-1.322975491250323044e-01
-5.881686696143699489e-02
1.923761084358688034e-01
9.787842272093129348e-02
2.387046592937946965e-01
5.311230241973436544e-02
4.200026940659647157e-02
-1.506628380743645912e-01
-3.129577330430114435e-01
-2.140196244184351115e-01
9.580861892824452108e-02
-1.937212571134091788e-01
4.984569871908253735e-02
-2.844117501895778721e-01
-3.156389293890158876e-01
-5.715851066121670904e-02
-1.468806180904813907e-01
2.013791504071693605e-01
1.877906217473895578e-01
-1.460279377278372870e-01
-2.717902391998055500e-01
2.674130951981560367e-01
-9.339356512660909604e-02
2.257487684597235256e-01
-3.234004107386729276e-01
-1.143439101219212578e-01
-1.179066767331551496e-01
6.171712709233833499e-02
1.799495711626522831e-01
1.473522700726521452e-02
2.243094113845986726e-01
1.091439145676180444e-02
-1.981391609347689098e-01
1.852692434668067323e-01
1.815238797383113556e-01
2.908764597953127362e-01
2.731892956285965623e-01
3.174226882662789517e-01
-1.628817912796006739e-01
-2.376721079263333647e-01
4.804887174647973214e-02
1.544190510010388928e-01
-2.507309196247232141e-01
1.228182093391430446e-01
-2.856485029012718196e-03
3.203673349925533764e-01
1.499212564607219078e-01
-1.934385640216181868e-01
-5.602836616359612582e-02
2.014247138957173944e-01
3.090299871173915469e-01
-1.092936288965010577e-01
-2.923851279709645604e-02
7.985428603737747266e-02
2.881498022665261380e-02
2.028524172688664362e-01
1.680076086755985521e-01
-1.425181217490371355e-01
-8.723850458360891957e-02
-2.499555556527358613e-01
2.575552884082000782e-01
-5.657749106918365939e-02
-2.939702243106411816e-01
-2.850818369151544851e-01
-1.316810348248647067e-01
-3.146891271497047060e-01
2.487679113862643343e-01
-9.514824878872246705e-02
-8.673559595597915561e-02
-1.295796439088936491e-01
1.792132970165270234e-01
-2.760327370542146608e-01
2.268072161466813952e-01
-3.144436764976510368e-01
-9.292914690557868562e-02
1.826015047378895875e-02
1.099986893695014400e-01
-3.923858633021194003e-02
-2.687830236740872958e-01
-2.333404397935198160e-01
-4.943569267049111732e-02
-2.652802137844801345e-01
-3.937563853484008121e-03
-2.006437148273748916e-01
-1.926524367559191708e-01
-2.400845121482681477e-01
-3.430394757334292999e-01
-1.140441935528997142e-01
-3.167991140809287565e-01
-2.037443988320957189e-01
1.732521953192620590e-01
-1.687686123656276238e-01
2.401835160908704636e-01
-1.829763794278677358e-01
1.585067721536616570e-01
8.215581168691575564e-02
9.687534886079389451e-02
1.459410061220717258e-01
3.089947365055016326e-01
-2.911351294581722149e-01
-1.867329728766632113e-01
7.677091535173934111e-02
-2.775171611398661864e-01
3.782423093792063561e-03
3.758501357790052233e-01
2.968443000830838230e-01
-8.700040486872681611e-02
1.272829874189152222e-01
-2.995995219890967842e-02
3.782647889510838968e-01
7.197980329133486788e-02
3.594461648348347416e-02
3.086611177349483093e-01
-2.418070780106530426e-01
-1.082756110575699426e-01
-1.169999631971503640e-01
1.542184385924365020e-01
-2.421611667061632778e-01
-2.247688786520752879e-01
3.949842108744723579e-02
1.303281411790250810e-01
2.989266565161242672e-01
-2.629336097883775980e-01
1.984949077819070720e-02
