# Transmodality
-6.518274661767070946e-03
-5.689641088784927470e-02
5.073285721949762767e-02
-4.552851059235143993e-02
7.294326721679619818e-02
-1.465545281483742190e-01
-1.987077939597767517e-01
-1.271349203410095385e-01
1.233573155310804526e-01
-9.957362345734187270e-02
-1.201869429717565968e-01
-1.190576538085538622e-01
-3.371662233804560704e-02
9.425694115081464930e-02
-1.679606915875877793e-01
-1.811501035840908380e-01
-1.104705233657029134e-01
-6.716874240380607541e-02
1.055018541290024953e-01
-1.870320208262117312e-01
-6.574119416264156968e-02
-2.211184073534912253e-02
1.468916555985958772e-01
7.621162755114488374e-02
9.393684346556722964e-02
1.211285986994900810e-01
1.687217225356034966e-01
-2.799894173734584490e-01
-7.244559157017568807e-02
3.281365632696081613e-01
-2.685942754517278708e-01
-9.777878871290587859e-02
2.398627583510154759e-01
-4.817645593250626662e-02
-1.038902330371140048e-01
-6.479497493350529214e-02
-2.789989385044319009e-02
-2.455388659914522695e-02
2.240587862584778045e-01
-2.109329291050839328e-01
-9.465632588531910918e-02
-1.437699271388681024e-03
-6.064906016914174691e-02
1.224964930644822925e-01
-2.359828521615048302e-02
-9.100554886117830089e-02
-9.021370626713032248e-02
-1.043147594284485474e-01
-3.073945048915968647e-01
-7.068570187451916897e-02
2.419205573263224496e-01
-9.872499997095020297e-02
-1.659211256198668549e-01
1.173949690176351833e-02
8.869173581842376697e-02
-7.927788789241030018e-03
1.348057248387363183e-01
2.762752022859042422e-01
-1.916499737272212289e-01
-1.979569158413368168e-01
6.368816913036104421e-02
-2.603980078427164252e-02
-1.432914020854338111e-01
-9.219034799012242043e-02
3.893281773107006710e-02
-1.146507105349071076e-01
-3.093851079533214143e-01
1.031294229818132367e-02
1.338040595167924451e-01
-2.623000997410601318e-02
-8.417438358696242851e-02
-2.224375858049887633e-01
-2.566011274298476627e-02
2.019523392932744479e-02
-2.757836911970706906e-02
6.365405189329897961e-02
-3.278830146191423212e-01
-2.966846786713955852e-02
1.416240038594019923e-01
1.114776268291180726e-02
1.620889614151856395e-01
-5.191258770231029634e-02
1.664310678844654889e-01
2.863883933117707947e-01
-1.626805591225981415e-03
1.354555178687290584e-01
7.168443441164078223e-02
-8.766374382229233375e-02
6.705981051927469017e-02
1.220416664025137099e-01
-6.628084167526387960e-02
-3.113495771212970026e-02
-1.363767378643320483e-01
-2.821180825300023676e-01
4.463072268977074514e-02
-7.173871995011725511e-02
-4.978867874816034211e-02
1.762047324009683724e-01
-9.005817077086510081e-02
-2.791958921468762345e-01
1.627998767157665116e-01
-1.325379707475352331e-01
-2.212137222886995935e-01
-3.059724026279575515e-01
3.779214832924116668e-02
-1.791290252428046903e-01
-7.010007276753885130e-02
-1.310689789590935850e-01
1.640458977518702011e-01
3.522874532194882752e-02
2.153222859922416729e-02
-6.381176908027809402e-02
2.839125472166225683e-01
7.948073920090757694e-02
-2.389314009530840444e-01
3.616704124597319714e-02
7.935606993159018130e-02
-1.523130488672152540e-02
-2.836826403545283232e-02
-2.394340537408427561e-01
-8.478673707574894969e-02
8.994028987158002308e-02
-5.683599975947777744e-02
-1.301143377183965055e-01
-1.393545102836610539e-01
3.285940115674264306e-02
-2.711637784680927601e-02
2.000559629900528491e-01
-2.399871531780808920e-01
2.776648666806131871e-01
-2.391748724325535869e-01
1.918311169148281814e-01
-2.183789681646415293e-01
-2.400068674901192911e-01
-9.781272283673290990e-02
9.290146928441000984e-02
-1.368120870768958219e-01
6.558922003603584461e-02
1.554853329175805710e-01
-1.698803091757384587e-01
-4.347002251393806971e-02
-3.535950417462797868e-02
-4.829499857556910497e-02
-1.585759112134956794e-01
-1.009212936605664995e-01
-2.352435440308208725e-01
-2.261875228641808955e-01
-1.119106276575440456e-01
-1.422433165092665819e-01
6.117101680455990648e-02
-6.787573975958424710e-02
6.140519914656327599e-02
7.967202062498710685e-03
-1.844070003205998745e-02
-1.021754725284414467e-01
-7.826428469685245415e-02
1.242302294558157577e-01
1.733718758190905262e-01
1.771406578552099931e-01
2.053894791258605856e-01
5.593931472862703758e-02
2.029198654892773734e-01
6.776244451499424670e-02
-1.586613887378323096e-01
-2.753081095989323712e-02
-1.337274569026807025e-01
1.740218788524110494e-01
1.583466366598867692e-01
-2.736394027210602986e-01
2.634525122978516043e-01
-7.599663888969494796e-02
-8.974148956107125263e-02
1.191584014415666831e-01
5.005484988210694153e-02
1.812349732405885427e-01
1.258644983893509040e-01
1.124098565278731782e-01
-1.609004391896649011e-01
-1.439952490568937871e-01
1.990120545107035566e-01
8.184409650702494099e-02
2.420098907329078577e-02
-5.240260346887593013e-02
-1.088751064990140238e-01
1.096472825142807139e-01
2.612054265613906676e-03
-4.954947749875587837e-02
6.509166059381626956e-02
-2.081509221600539861e-01
-1.353048426676012328e-01
-3.937499559716419184e-01
-1.448422786222891556e-01
-1.754542529878562740e-01
-4.183298647038961871e-02
-1.379173819061139949e-01
-2.354086090769408682e-02
-1.866179564515236255e-01
-1.161401554993405916e-01
-5.944191686346450565e-02
1.325588599636186860e-01
7.673178550882614468e-02
1.191774664867695926e-01
1.677944654249729772e-01
-2.353127693529744047e-01
1.100286870308843507e-01
-2.845683426408642316e-02
2.579955250760439522e-01
-1.858666523202955889e-01
8.468836892676591399e-02
-3.558408367908249322e-03
1.348612259151307502e-01
-1.096718847149682624e-01
7.741329285841920538e-02
6.667335464221375851e-02
2.518538092773685011e-01
-2.596405635450927188e-02
1.538932497214798023e-01
-1.111738261259040232e-02
1.455381844095227639e-01
1.508937634838007358e-01
1.927657639592898486e-01
-2.969255847776262058e-01
-3.002218126159679132e-02
-3.256828286050004739e-01
-2.261995943171642431e-01
4.073883436216513797e-03
2.319778173200390814e-01
-1.066480652492988179e-01
-1.997143177455112661e-01
3.677810451702599043e-02
-6.728569291579798717e-02
2.362909564780406313e-01
-1.502989473161190359e-01
1.453280991937310196e-01
1.933189098566392983e-01
-1.930796985988534331e-01
1.756838186608656038e-01
-3.098739126735665719e-02
-1.118688395908442740e-01
1.567496310754470379e-01
2.432972491678901672e-01
-2.698608246839646618e-01
6.344076876886606264e-02
1.451443197425966725e-01
1.257352624702078592e-01
2.347704177993047425e-01
2.752157296896866334e-02
1.981502327800611085e-01
-1.265982173910046304e-01
-1.774555192341336629e-01
-4.549584538320439880e-02
7.451333032259892242e-02
4.581084572887368644e-02
-2.586782121431027703e-02
-1.779418943659047403e-01
-1.650462101455008046e-01
4.693104246520982820e-02
1.975994620664112966e-01
-1.485846710473981425e-01
5.634741363581639156e-02
-2.583703234649618874e-02
1.198465386843140107e-02
-1.171822379203131675e-01
-1.588798722784767747e-01
1.322397956132392860e-01
-2.168070121659268767e-01
1.983461831303121314e-01
-5.909870975869459253e-02
6.725987570074772048e-02
7.316021393932259365e-02
-2.266268031842832709e-01
-1.209379262573698904e-01
-4.344353072376810898e-02
-2.682395138702215603e-02
-6.906238737462427890e-02
-3.386994737582983972e-01
-6.155201230790231445e-04
-5.273126275670374230e-02
3.953546355012002578e-02
-7.612657624697063974e-02
-1.172791999982798483e-01
-2.967467233863729237e-01
8.298055266319565026e-02
-8.673204627041605774e-02
1.075696990676665576e-01
3.739449314749687669e-02
2.135284854482134287e-01
-2.023495142578428385e-01
-1.044767570900941717e-01
1.276751280473603992e-02
-3.754343836849883265e-01
-2.521168335023722951e-01
-1.385781976921350578e-01
6.986931648428540420e-02
7.270864820501117542e-02
-9.658294081638865713e-02
-3.680842444851709083e-01
1.201102980117096930e-01
1.735416523194822092e-01
2.259015250907987216e-01
-1.754113243501474462e-01
-1.380189345482751573e-01
-1.234421732913273811e-01
-1.411862881917195500e-01
1.277704234970344632e-01
-1.247485927043597426e-01
1.504170380428987430e-01
-6.455359576131611266e-02
-2.199139478028186712e-01
-9.978576805942940275e-03
4.040122672401236931e-02
-3.225506264782077026e-02
-5.513424745791880438e-02
-7.680350227260009099e-02
-1.137574285274366159e-01
-1.214801400823657118e-01
6.508559725433692156e-02
-7.791246193753667559e-02
-1.801362875266911689e-01
-1.261581417854696630e-01
1.800823023203177720e-01
1.201398728917226350e-01
-3.322406522049316246e-02
2.656562931301941974e-02
-1.626505914806699871e-01
1.568476608853371645e-01
-1.730975182651990629e-02
-4.906422723281847476e-02
1.546212789681488953e-01
8.144843116740965727e-02
-1.088949661563368282e-01
-1.618756813833925889e-01
-6.703931390659131906e-02
-2.024208985612100387e-01
1.068322637736238978e-01
-1.438235851071726634e-01
-2.007779278180752691e-01
-3.016853023852190119e-01
-5.856385658968532582e-02
1.875929738359351229e-01
9.325528847689186496e-02
-5.167364943580589343e-02
-1.888459616409306763e-01
-4.137791820508701646e-02
-2.288898811216471749e-03
7.835443042519810164e-02
-1.929108844731813877e-01
-1.629408520465888688e-01
-2.096021078755844202e-01
5.530694738974337166e-02
-2.748073101654247563e-01
5.313460607821745424e-02
-3.568947433551359349e-01
-1.755395741281613464e-01
-2.097521508859553560e-02
-1.696638869268355110e-01
-2.424246975568826457e-01
-1.930151643587540641e-02
3.744289203221273180e-03
2.280121715700577090e-01
1.849001243294884703e-02
1.267304504721585706e-02
7.483417401457958043e-04
-2.405317557407651852e-03
-2.712644586799790591e-01
-2.558224539602743652e-01
1.926422568952132763e-01
8.520334336425494648e-02
1.549603270829013335e-01
-1.277668492227717889e-01
-1.227325282088279623e-01
-1.702915901992449743e-01
-5.131922655334433814e-02
-5.770100289544522615e-02
-2.409820018530847430e-01
9.362672529445209557e-02
1.362449708565666717e-01
7.530902559087587766e-02
-8.059567047634839942e-02
6.111713293607342473e-02
-2.720215216358960464e-01
2.649452258415984085e-01
2.650991639946278025e-02
2.763627597290057095e-02
2.946164133320047784e-01
4.016059227289903860e-02
-2.648128159004976556e-01
-3.036422394535624736e-02
2.170889191911105215e-02
2.056032523383466704e-01
4.985384097947830745e-02
-1.287524681721358144e-01
-1.688151495948890610e-03
4.221909037545101828e-02
1.206621083214116652e-01
-1.056460001758140477e-01
-1.123731869129773568e-02
8.440010565362743300e-02
-9.840847357547696794e-02
7.344455627870685732e-02
2.203308628921268053e-01
2.497463102115356770e-01
2.946840829685509200e-01
1.728611221870484521e-02
-2.120563006058004407e-02
1.018837886715789065e-01
4.102378597443873814e-02
-8.965952940165895779e-02
-2.672604396550887773e-01
-9.682435657543997376e-02
5.236845198372271082e-02
-1.433020513007954022e-01
-6.723449515436203533e-03
1.370046047972223457e-01
1.210157293370308085e-01
2.485200964195178469e-02
-1.094074261744590604e-01
9.252738810281091464e-02
5.983436209431786112e-02
1.357738269701579681e-01
2.297694573594225367e-02
3.800432122246393679e-02
6.260915007384838804e-02
9.414196870977926956e-02
-1.510254664712611383e-01
7.417382555073296496e-03
-3.212554583627310056e-01
1.782782051460565231e-01
-5.975750967486755105e-02
1.526102589103309204e-02
2.586175469841283173e-02
-1.710522753796175563e-02
8.677342186417952297e-02
1.432861535326581948e-01
-1.357756534877707297e-02
-2.001793589388440806e-03
1.306490065016517044e-01
1.091752105789832866e-01
6.194547622914236412e-02
-1.195291535274482092e-01
1.402942057555751076e-01
-5.324570021185996704e-02
-6.519319617367629049e-02
1.579216349021542731e-01
8.590758573268764131e-02
-8.470543733050962809e-02
6.806239834164365399e-02
2.825657154639283491e-02
1.462387318074901410e-01
-1.155295171910536850e-01
-3.128374981530698817e-02
-1.024116266683716275e-01
3.911378963571095213e-02
-5.469141802509358292e-04
-4.591189680515378457e-02
-9.315739774801004569e-02
3.534651989983506604e-01
-5.074237285778037537e-02
2.726664487503824633e-02
5.094534828768892271e-02
-2.041261721700546317e-02
-9.864920979544675173e-02
-1.455258966391426989e-01
8.464073731335093609e-02
2.700262111413155586e-02
1.622561774965181614e-01
1.418332996221589870e-02
9.634914609441841415e-02
6.591237864782056866e-02
-4.492662802843506997e-02
8.305011283537016079e-03
-4.927173243980613460e-02
-2.171002392830362060e-01
-3.385972026983706806e-01
1.580036805150833445e-01
1.064321004092784878e-01
-1.098239865666288256e-01
1.823505876885034016e-01
-3.731374896767555155e-02
-2.596628639045694409e-01
5.745132063340883943e-02
5.560172594692899817e-02
2.258852899917545010e-01
-1.233163784722644402e-01
1.383686786256987655e-01
3.528148251298995203e-02
6.369554427106650929e-02
-5.713005155372660043e-02
-2.765069750965615247e-01
2.121033074420052567e-01
-2.117022150518268753e-01
-1.667949453672761262e-01
8.913311460033783440e-02
-1.198151366989204103e-01
-1.696987899585039594e-02
8.679590988559456044e-02
-1.513993861795835802e-03
1.461452242333100005e-02
1.922767043000120912e-01
1.559992218326310687e-01
-4.934083001279691849e-02
1.117866988463934036e-01
-6.920265535018875480e-02
-1.935514219565196425e-01
2.967089756954433694e-02
8.172797106794781052e-02
4.449144180713585084e-02
2.519992083289783746e-01
7.038102135930861258e-02
-6.587663904936182091e-02
-1.391691625403089494e-01
1.915451645960665750e-01
-8.443719976655352649e-03
5.234078674894281080e-02
-1.984408126762664537e-01
1.041970931904918768e-01
-1.365094699294897573e-01
-2.095577601937590739e-01
-1.059701953009687808e-01
1.142902323748784393e-01
1.333988923764051482e-01
-1.829189035418484627e-02
-2.035400703068102335e-01
1.880495923078669696e-01
-1.390548118124894095e-01
1.585803524009462839e-01
-1.555793214398676072e-01
2.143176144850217069e-01
1.781639633734507372e-02
-2.360006101367007891e-01
1.245651691444749597e-02
-1.512924307328656071e-01
-3.401128082293313620e-02
6.767417096993294523e-02
-8.472582323212309030e-02
7.523105744619633384e-02
-2.496989718084020871e-01
-1.878936465739041231e-02
-6.218362062097063103e-02
1.080559471517866660e-01
-5.674875423414603437e-02
4.345463487936222086e-02
1.671295512176683151e-01
2.423502887684248208e-01
-2.740023904057252713e-01
1.008856271825005063e-01
-2.194904463555272592e-02
-1.031532275325466458e-01
-1.760726549559690768e-01
1.163692956017101515e-01
-3.340342610096910247e-01
1.364416727925612527e-01
-3.886051105530600180e-01
-8.501401922558070312e-02
3.617252901226433726e-02
4.786841816845174846e-02
-2.309140893356068439e-02
-1.333388723285884869e-01
-3.465007845973021305e-02
1.033543855071136497e-01
4.049266470474854190e-02
-7.518511642827584163e-02
-1.285505959671731924e-01
1.665484970015289889e-01
1.504976512638588337e-01
9.219868833262669094e-02
-1.886500627580131942e-02
-1.182469925374606545e-01
-1.172210816054510413e-01
1.032509309801195041e-01
-1.969000301332342329e-01
-1.132181929304751505e-01
1.050710474226690117e-01
-4.050104878442983142e-02
1.304211748444448482e-01
1.042503233105998156e-01
-1.700085328816330899e-01
-2.622284703135258632e-01
5.680885748257361728e-02
-1.281448234980087086e-01
7.620635308630138716e-02
1.308721354115736923e-01
2.728068597105860471e-01
-9.332857939312054485e-02
-1.923336336558449655e-01
-1.162881500541588370e-03
4.512512277298769831e-02
-1.308364435870448539e-01
8.244207703256636877e-02
1.374222318367440965e-01
1.589884934856605758e-01
7.728910573139962867e-03
-4.184327472310482229e-03
-2.567558169366522813e-01
-7.153547934660595131e-02
1.786372125122473453e-01
-1.629190041518890630e-01
-8.367001017150296760e-02
-4.612321695591923426e-02
-1.241264418615336401e-01
-2.039341378199559518e-01
-1.113243753781932438e-01
-1.018481150618625458e-01
-9.432441284925435765e-02
-1.169423307610498002e-02
1.379739047935241714e-01
-1.151337802362223557e-02
3.294764340730057389e-02
1.022569303058124129e-01
1.138819597585591925e-01
2.919643973025422001e-01
2.652858764803613361e-03
-1.429743026037020581e-01
6.827078543613164519e-02
7.593490213446947579e-02
6.756795840790300045e-02
-5.747657997682509984e-02
-1.263519334041361408e-01
-1.934383217640599506e-01
-1.614556503716310307e-02
-1.423651555614162401e-01
-2.182468867693935499e-01
1.458886371297941631e-01
1.116575613621101221e-01
-2.104243566691899880e-01
1.226319819070378486e-01
-2.427546284283008116e-02
-1.521112187073474786e-01
2.563652127822727556e-01
2.822943949245180009e-02
-3.466331125841672078e-02
3.812155105579944497e-02
1.938826722290725238e-02
-6.462638771899620327e-02
2.808460095424396286e-02
1.319515444427522555e-01
3.115864582436128072e-01
-8.550050498797809317e-02
4.390566051330733327e-02
-1.923510511052310135e-01
1.040273220091514211e-01
6.299223223183024467e-02
-3.496751067558217380e-02
1.673815530520753325e-01
8.390837973870191036e-02
3.841059370372541110e-02
4.532363509071225122e-02
5.330540341029051110e-02
8.788720814309831930e-02
-1.819675687071190540e-01
1.842487027143215883e-01
-9.579323429268261914e-02
5.266024091914563166e-02
-5.230450126630661195e-02
3.816904249610907907e-01
-1.159584329314053142e-01
-2.444326838341181474e-01
1.576708377238435210e-01
-3.846870299742494170e-02
8.895983610379101097e-03
-5.851122791555261188e-02
1.245453890918207934e-01
9.372636933741064491e-02
3.198350195641990745e-01
1.540269854148876016e-01
1.782855023062702715e-01
2.163541220483830921e-02
2.098994733175523209e-01
2.149273238743526215e-01
2.541399049869330629e-02
-7.661942719713391026e-04
-7.287448095877424592e-02
-3.389377586127334530e-01
-1.148319814394240385e-01
2.687090340408804234e-02
1.405233434879871179e-01
1.022462292545302798e-01
-8.450791541256352790e-02
9.247416870217849139e-02
1.087580184459991522e-01
-3.558565292125710072e-02
-6.704477430285130102e-02
1.687146831170271977e-01
-2.665310378493320753e-01
-3.662773891176317881e-02
2.268842620164222001e-01
-2.489889206573963620e-01
-2.116177476472880514e-01
-1.437962750240990573e-01
2.270372467390575633e-01
2.218036387431088774e-01
-1.960647812075496377e-01
-5.618112272384633010e-02
-7.437858289017056090e-02
-1.652777564766230445e-01
-2.566093465965175180e-01
-4.456592974027142467e-02
-2.599115448636245551e-01
2.026525371984048696e-01
-3.245384177535957232e-02
1.167244620099068125e-01
1.050072395339597814e-01
1.660083571104418454e-01
-1.091553968946128023e-01
-5.755884838943414739e-02
2.205623542853629108e-03
1.344093612618893763e-01
5.600806876078917584e-02
-3.114753516907750597e-01
-1.465230850762958559e-01
3.049949834507363969e-02
2.465720721222487977e-01
2.160493752480261709e-01
-9.311736016790318760e-02
9.372814404245560782e-02
3.257930408350345058e-02
-3.380405775589719053e-02
-2.900591182898460962e-01
9.045246891964939251e-02
-3.229176308470734225e-01
1.269652567702956869e-01
2.032891377475679051e-01
-2.385350563991867345e-01
-4.302312575874757579e-03
-1.041665472837735446e-01
1.680852212929132283e-01
-1.306027227931529366e-01
-7.818654158492194250e-02
-1.503297286709387726e-01
-3.714908469838045235e-01
-3.440079884222242701e-02
9.111525699786719723e-02
1.676475170652970692e-01
-1.705820428160720603e-01
8.471629327681975963e-02
-4.119089980368297321e-01
7.602041704899063779e-02
1.395807824136272302e-01
-7.855466702391251943e-02
1.735912832782056658e-01
-7.574533183135209735e-02
-1.543510011493726131e-01
3.618263399205392389e-02
6.419873210021765156e-03
-6.784094355979709834e-02
1.041087273265913112e-02
1.692940095498130515e-01
2.396829164556416591e-01
-1.980751746861349749e-01
-2.361203018437978973e-01
3.545249226324264508e-02
-1.631146450475044751e-01
1.600304291184209693e-01
7.209237685199355872e-02
-1.973048064682873248e-01
5.028231633557204289e-02
-1.713742203252970053e-01
-4.321539969610925513e-02
-1.600624706294419969e-02
-1.813304043433327239e-01
-1.664461002344639132e-02
-3.029941494277967884e-01
1.726805545698768540e-01
-1.994610735300588952e-02
1.483724329851926205e-01
-2.633241346773889102e-01
6.527831036892015049e-02
-6.418858778469699322e-02
-6.435544663840715718e-02
3.994412940318468191e-02
-1.584300921968662956e-01
-6.022071481050068897e-02
1.801703442583718062e-01
5.343464203321467328e-03
5.160265797076461075e-02
-1.330707300413441763e-01
-1.498278424014467536e-01
2.651044255993712656e-02
1.645960262379068395e-01
5.539846962148228110e-02
1.988024685890412702e-01
-9.273304777293440992e-02
5.351015777136355900e-02
-2.186493311802911732e-02
1.015929641695745983e-01
-2.763481530270264080e-02
-1.335972448610271424e-01
-1.345411029689726201e-01
-2.115401007102128139e-01
-3.915473310473342045e-02
6.971477546378224144e-02
-2.097519625837822865e-01
-2.097766085123945468e-01
7.540025936895575209e-02
2.553735938693364738e-02
1.043979138100233628e-01
-2.132122193295404589e-01
2.024733437531566482e-01
-1.757009759661630477e-01
1.601246076720044820e-01
-5.095579220446033730e-02
-8.085596433474284694e-02
1.454032062150791837e-01
-2.136261584383430945e-02
-3.407581553241416893e-03
-1.503718932307857858e-01
-1.763035810318071273e-01
-2.349026222667324193e-01
1.524730460197841198e-01
-5.327233011079565012e-02
2.816054168034107241e-01
-2.270043550914630504e-01
-2.232307070662355730e-01
-1.734651093147972778e-01
6.971936725276230151e-02
3.025566330248458669e-01
2.122154315714187556e-01
-3.187031688564125886e-01
-1.199699102058079669e-01
4.712515911059462353e-02
1.290336539293626683e-01
1.353220367855728079e-01
-1.765319940042959362e-02
6.940892886254255989e-02
3.936105629304045839e-02
7.483773460840030534e-02
9.631791739254565166e-02
1.641527680768944675e-01
-3.074489922978626000e-01
1.277668226143688877e-02
-2.150335981841025867e-01
5.495275553710877309e-02
5.193549140348725258e-03
1.908322788606328091e-01
1.068237131147586338e-01
6.242725938719679429e-02
-1.476596696200389025e-01
1.725707539649682376e-01
6.733580462893361263e-02
-1.119760155946541991e-02
-4.153480681401827690e-02
-3.294404045141047233e-02
-1.165689015682152968e-01
-1.881710816556732280e-01
-2.434214679613115051e-01
1.564400726144359044e-02
2.082058831941548810e-02
6.829911245474899750e-02
1.870218612683934578e-01
-1.462790490980972469e-01
-1.801182729812735583e-01
5.939515784122879200e-02
-9.255572206873782792e-02
-2.175158274362845937e-02
-2.562410419286124674e-01
1.757410370223672080e-01
-6.754186106420348445e-02
1.852068347444290053e-01
2.017164285789964373e-02
-1.653266141993443572e-01
3.138569714969619007e-01
-7.437012254036250158e-02
-1.396137644115407472e-01
8.605114659924298359e-02
-4.774162356289472775e-02
-6.632808292103437378e-03
3.488858461726666166e-02
8.139079863121106984e-02
-5.131408302608001654e-02
-1.145423847409510892e-01
-1.487889150202084503e-02
2.149650526635592251e-01
7.012018655974808223e-02
-4.478233324891019163e-02
6.787702012410676278e-02
-1.204731719930483141e-02
-1.228863331911364543e-01
-1.168871021214455824e-01
-6.813706944274275368e-02
-1.174281502430875659e-02
-1.177948714267537389e-01
-4.279059745619324950e-02
-1.047918739906713859e-01
-3.955287846969971627e-02
1.824677859110289402e-01
1.274351567272261621e-01
6.430823568189780737e-02
-6.225517715319476252e-03
1.361758561945034807e-01
-1.085972902821224495e-01
-1.221038864903456200e-01
3.122797505100225468e-01
-1.354655036983747340e-01
2.555655713496152170e-01
-1.457964571703984080e-01
-1.254209467846149617e-01
7.403348131644905961e-02
-6.875177021810403855e-02
-4.952866204270024025e-02
2.244205586697128885e-02
6.579342798997740716e-02
-5.993622628640871142e-02
6.250379873561769106e-02
-1.306973317523420774e-01
6.846457018734519728e-02
1.222707017668149682e-01
-4.051572463020145648e-02
-1.122937499421836210e-01
-2.131175160667594382e-01
-1.507488480961826360e-01
1.916663763073038762e-01
-9.349199365199395428e-02
2.648551364521080087e-01
-2.114895846257913992e-01
5.129786061446174605e-02
1.032873161347225982e-01
-1.149886975510077541e-01
4.643764051553030819e-02
3.039272924785805727e-02
-1.775093446662469598e-01
1.894608440501701352e-01
-4.594114482213720319e-01
-6.546639970286839694e-02
-9.137830097691394815e-02
-1.321894607566799218e-01
1.832403591588242509e-01
1.642567398193996997e-01
3.001550342716314754e-02
1.068536854152539045e-01
-2.388550112148466187e-01
2.186222263567277335e-01
-2.984652676750910172e-01
1.552560571299099919e-02
-1.536926021463424774e-01
-1.306784875261817469e-01
-7.616143122892421458e-02
-2.485673168418398582e-01
-4.654711924197367512e-02
1.219776011830862594e-01
-5.479231977170730822e-02
-1.537626920710418454e-01
2.528227257903629954e-02
-1.470895391515021078e-01
-8.704360414015112346e-02
-1.645525785371908800e-01
1.950050510912068880e-01
2.117720174125954091e-01
1.237516517436061114e-01
2.109913331763640654e-01
-1.014739539646124095e-01
7.481200582489228208e-03
-4.637693389067479993e-02
3.006494198186293251e-02
-1.453924722923745708e-02
-3.238199210055765082e-02
1.192266193882528108e-01
-2.543253243239092520e-01
1.034708048804966335e-01
-2.354909078018054824e-01
1.846610575188447831e-02
-2.706862192475508189e-01
6.957525538503378168e-03
5.731076022880467885e-02
-1.811974797019091366e-01
1.338831272410087592e-01
1.974061867499737610e-01
-7.062692369963746719e-02
-1.429360433371637817e-01
-2.016570105341382035e-01
2.913241658784763710e-01
-1.358534151607809770e-01
2.773457641252530803e-01
-1.299493792184807373e-01
-3.105590246818977773e-01
-2.066149118576713350e-01
-1.517886171262139705e-01
-4.676800197698392086e-02
1.646505370358249953e-01
-1.799936744151142687e-01
-7.606075258346217671e-02
8.570990889163368487e-02
-1.351786201272529020e-01
1.605053500504794589e-02
1.274330791684559483e-01
2.094081579206709121e-01
1.278431739129023137e-01
-3.021296955389294880e-01
-2.005170903157243133e-03
-6.652560295667825363e-02
1.153808754938240137e-02
1.289983538720679834e-01
-1.516582414168761994e-01
-1.877721370937893430e-01
-1.402199509618462236e-01
6.883209329536893462e-02
1.871904170365060460e-01
-3.551628606300771124e-02
1.576604084042014797e-01
1.279860252273459960e-02
-3.335223743301912042e-02
