# GABRA1
-1.636116526021253459e-01
9.496571104443156386e-02
1.757389705228494248e-01
-1.794051473120778506e-01
-2.745582548271367496e-01
1.155547614580479249e-01
-1.887755030201472839e-01
-3.286107529479748157e-01
-2.081645568943996105e-02
1.279270106878495905e-01
-2.266397566983862633e-01
-2.284002510855347168e-02
1.204509645790039496e-01
2.763107234348286534e-01
-1.329668859600022061e-02
2.720134258950323777e-02
-2.839145142861998830e-02
9.266809175105547580e-02
3.143449690186155693e-02
2.359228423387778606e-01
2.402602717698875123e-01
-8.504632940327869206e-02
1.319065598855658546e-03
3.138268831221360800e-01
-1.645780252239401886e-01
6.199929757626363586e-02
1.163372556736231994e-01
7.898458408015170129e-02
-2.271868930062181657e-01
7.867517998459075401e-02
-2.559446528991518935e-02
-9.326615517138134304e-02
-2.671440368520556358e-02
5.653959920994473809e-02
2.715346380958792993e-01
-8.916708698767220054e-02
1.970950677835180964e-01
-3.113127349764562291e-01
-3.548153325525985058e-02
1.349099393317529372e-01
-3.288934778926702086e-03
-4.085266510074415935e-02
2.717345645685370070e-01
3.267650914487002511e-02
-1.475609576486711927e-01
1.970106067026290014e-02
-1.468334310435175268e-02
2.315031598156904735e-01
-2.508881760923610191e-02
-1.733388729857158472e-01
1.397947276363393880e-02
-2.461772112754411490e-01
-1.708460557815549008e-01
-2.781689284010336882e-01
-4.513258232544710147e-01
-1.531877742300643830e-01
-2.138552982898128951e-01
3.249939895646108967e-02
1.249507493060781488e-02
1.360140493465348578e-02
-2.798168392409707689e-02
1.201345055212355711e-01
2.072160692733712450e-01
-1.541783389103457691e-01
-5.967264556271392739e-02
-9.075758920347648528e-02
1.855796606344025657e-01
-2.105238754132590928e-01
-1.448541140712752417e-01
1.233415969912345783e-01
3.278077990531883673e-02
1.771803235708094559e-01
-1.313833645237483805e-01
-3.045789345207834953e-01
-1.947851325271444112e-01
2.315634067337745128e-01
-2.058208761299636091e-01
8.319963180928732771e-02
6.058341274002791016e-03
-2.980319280413473160e-01
2.412579968549698889e-02
2.839458284601831806e-01
-5.630305234287429766e-02
-1.437822803895825730e-01
1.280127948898925339e-01
-1.125504516705806285e-01
1.658441312552728919e-01
-1.450744815185832925e-01
1.081770645604809844e-01
2.238748452645002718e-01
9.628424011327826881e-02
1.054603726628367544e-01
-1.065660847587559801e-01
-5.957411251889348051e-03
-4.302935223916728828e-03
7.263180400417662552e-02
-5.882047216503664966e-02
-3.179122125704139101e-01
1.527579961022556831e-01
3.245774727621584255e-01
-2.610212212716114810e-02
1.463523813356966130e-01
2.455454089713606236e-01
-2.030641132513613667e-02
-2.373505644695636241e-01
-1.751148618490832032e-01
-8.224097660350201955e-02
1.214822340025554920e-01
-9.703032834526457984e-02
1.733757376928997673e-01
9.682313782573731846e-04
-2.320376530145873764e-02
1.043671853798565918e-01
-1.340480100149285814e-01
2.147475131069109811e-01
-2.102797640072488761e-01
1.606719261352045902e-01
-3.961480122523335784e-02
1.835000380430672762e-01
-8.684276906388274653e-02
2.014744807313819941e-01
9.878753316403260029e-03
1.325557296021825371e-01
3.472965159334738261e-01
-6.800346798973622153e-03
-2.322358373314520608e-01
1.881007769159605825e-01
-1.065031149859756027e-01
-1.242382431253193364e-01
1.016575525242425504e-01
-1.433633371365349019e-01
-1.321452906833361918e-01
-2.328865589486655563e-01
9.466222476559109367e-02
-1.599484376423596643e-01
8.804596211937108785e-02
8.437482203208779286e-02
3.122431011814306712e-01
8.267353171163810410e-02
3.446244424021270847e-01
-2.308465426844185861e-02
-2.777603978636057902e-01
1.386360557212883149e-01
2.401211733574905860e-01
2.180890132231144973e-01
-4.465744821848938173e-02
-2.283105215229476737e-01
6.932328920190572452e-02
6.893918277019417395e-02
1.747826207259802478e-01
-1.573700858616932374e-01
-9.636711227603760033e-02
-1.590587762579218079e-02
-8.785076546601111591e-02
3.335764178271064528e-01
1.245974609168500891e-01
1.472825106234961802e-02
-1.053799317054576468e-01
5.419338716489081192e-02
-5.674278796373763423e-02
1.741861352618814529e-01
-2.504710739443309353e-01
1.683457245153208715e-01
1.784330606315080725e-01
-4.575697338609183325e-04
-1.362621193331151580e-02
1.383941731837534661e-01
-1.936891245443671250e-01
1.030965642671131111e-01
-1.419289212198825700e-01
-2.970553483133140937e-01
-1.751127166528738954e-01
-3.398385657820327532e-01
1.914402847915351591e-01
-2.968420637837875242e-01
6.151716762795716997e-02
-1.930469266036571527e-02
2.010083021844274453e-01
2.318608171719414857e-01
1.730443295121892600e-01
1.412671909421147898e-01
1.609710049437004520e-01
1.404444768582648051e-01
-2.459235355111890620e-01
-2.908712471760300788e-01
8.463036170714971496e-02
-2.930817779801731526e-01
9.553122370942916664e-02
6.630386738190584273e-02
1.793173031412210738e-01
-2.169717273431866489e-01
9.971055650334964549e-02
-2.655573901007623472e-01
2.169574164611531505e-02
-9.052965493684121678e-02
-2.638808124631731103e-02
1.482179551116145078e-01
2.679171767751893363e-01
-6.113427405347172938e-02
7.341843615999692034e-03
-1.066062445095209282e-01
4.562338193037233230e-02
-8.978173797004011802e-02
-2.308977479577222769e-01
2.250489696725282984e-02
-1.799644302243719740e-01
9.367233101568397946e-02
7.554375440178311141e-02
8.417383269528129486e-03
-6.288408232158125555e-02
2.486698485762330046e-01
-7.834980970923226262e-02
2.464316457326135718e-02
1.594192097811391595e-01
-1.464367084966269050e-01
-5.881025570595450891e-02
-3.996398468199885944e-03
-4.881933833344068163e-02
1.089785824925396385e-01
-1.921382334966771077e-01
2.734541419766567394e-01
-9.243633523504581062e-02
-1.433092174237966809e-01
-3.352427896535763868e-02
6.486754823276130733e-02
-1.284771552846596665e-01
1.020723088926296512e-01
1.691578010204446147e-02
-1.476428522623056405e-01
-8.396347350367731888e-02
3.046545301288530738e-01
8.762953765433924291e-02
1.333090768963510198e-01
9.202724948320251553e-04
-4.329384951797828757e-02
1.064003436314842977e-03
3.004217933333537260e-01
9.288068467929466721e-02
3.837825594754758207e-02
1.278958914731133378e-01
-2.481978676929058325e-01
2.981815973001838982e-01
-1.280053081913456181e-01
-4.430348467961510439e-02
-1.143891903172438995e-01
6.223661911250233381e-02
-4.376525829574935689e-02
8.303751673525174015e-02
-1.980759007877315736e-01
-7.275739900755684442e-02
2.159688717776689915e-01
-2.292644353393099577e-01
-2.524871510999072699e-01
-5.972585478428351496e-02
-9.603841199698438802e-02
-1.361175644525798589e-01
-4.912085875516931238e-02
2.635292536730880486e-01
-6.821816872642048890e-02
2.370988186940972686e-01
1.554586777350715210e-01
1.134713356735614354e-01
-3.214063058416583574e-01
-2.822864269808708637e-01
3.354419104924457606e-01
2.379222714399085448e-01
-1.787443297107578766e-01
1.238737284332974559e-01
9.661456733304991940e-02
2.177304300322022851e-02
1.018216530038145301e-01
3.698865242990941743e-02
1.440088763738728572e-01
5.803117278361685089e-02
2.303889681619026020e-01
-1.008764526222970803e-01
-1.416692573822820600e-01
-2.254380016619023375e-01
1.889440142547725021e-01
2.142512304478187690e-02
-3.336612454425362806e-01
-2.440967960019959915e-01
4.672701259411802394e-02
-1.340721636816074591e-01
2.746925552433926998e-01
1.407486353726837280e-01
-3.632423790823381682e-02
3.577824282176082782e-02
3.294741626070082832e-03
6.735201672332492839e-02
5.849826150514923773e-02
9.893059613231054705e-02
-7.527965341843165931e-03
2.848413379389329037e-01
-5.501282366617930158e-02
2.456942744666327783e-01
7.331417929605674177e-02
2.666828624692988425e-01
2.093932442786363701e-01
-2.800692914332882089e-02
-9.709289830087239337e-02
-5.913014747376511143e-02
2.582266449502635397e-01
2.643342794174253774e-01
-1.814926888269416047e-02
3.192434977196849655e-01
-3.287031149312817369e-01
-8.615131410555400271e-02
-4.829262261020767638e-02
2.355395021464763428e-01
-2.380637816880153135e-01
-2.790909898382040039e-02
-2.748838646170670419e-02
-2.749372488255344971e-01
-1.988316306706986725e-01
2.180830032107849148e-01
-1.601218972218843295e-01
3.201926440537293250e-01
-1.255722240306906823e-01
-2.329256428954720737e-02
7.207523046815182688e-02
-6.420134053474550739e-02
-1.797961088226128490e-01
-2.077617180749913584e-01
2.038985029350760814e-01
8.422658368369802251e-02
1.615515994874143491e-02
9.067777850264152617e-02
-1.673638903784313015e-01
7.450781146847021419e-02
1.783642267279891835e-01
3.667394349676145887e-02
-1.008650791723817858e-01
-1.478896743263584217e-02
1.772460611581263001e-01
-8.174208773797457528e-02
2.614037721138437118e-02
6.871243523842722467e-02
-9.303597551232041518e-02
2.384859384179966180e-01
-6.645164447353148207e-02
1.863869727378683061e-01
-1.020892015810939274e-01
-4.666037581861345179e-02
-5.848960041819904754e-02
2.557211823999573919e-01
1.369280571730145390e-01
-6.650858669562835501e-02
1.938803390535334403e-01
-3.761702547483887493e-02
-7.037236514668873677e-02
-1.131848613188711078e-01
-5.101351010380344997e-02
-2.424298593352941789e-01
6.742806811822219318e-03
-1.130582071227409086e-01
-4.045571088893063633e-02
1.156529006862594133e-01
-3.287749904498583620e-01
-9.040619256579592380e-03
-3.802487758501706394e-01
3.586323536452652033e-02
2.278644062578895693e-02
2.626274559386306828e-01
-5.098989185782869249e-02
-8.561073641132108114e-02
-1.310817420525069721e-01
5.271326769302010773e-02
-9.786014479475015071e-02
-5.426419710018594300e-02
-1.779954937306617996e-02
-8.923462631513048859e-02
-1.372636595584370012e-01
-1.237890874604018893e-01
7.389712664168336664e-02
-1.433773676930343577e-01
2.219655577884873665e-01
-2.229570293916616208e-02
-7.497959277420535029e-02
2.829779396308468309e-01
-5.675462379089552672e-02
1.494104313194764277e-01
5.119727244174919131e-03
1.240845616889193620e-01
-1.459616420020759253e-01
1.119665708684500771e-01
-1.647235142452457002e-01
1.067580175887283128e-02
2.374159444906414132e-02
1.025067902154738753e-01
2.788469235913127453e-01
3.058400608467520265e-01
-1.269949182643711760e-01
7.304039890001254309e-02
-3.760176751090153063e-02
6.211487146829759026e-02
-4.443299101888078390e-02
1.297984627824862458e-01
1.955458045282377211e-01
-2.657186099717432914e-01
1.107744034233632685e-01
-1.850955164596331526e-01
1.517053101350016031e-01
1.776518144209092431e-02
-3.080135506856666178e-02
-7.590318001817682181e-02
2.236848010694945099e-01
-2.466790878310917701e-01
1.400234839384711660e-01
-1.000239334107348305e-01
-1.439116088905535440e-01
1.432507451542104626e-02
-1.371561164962982193e-01
-1.198971519920639106e-01
-7.250675781511626942e-03
4.392112318097363827e-02
-1.628086470174185674e-01
-2.974177530381213463e-01
-7.305002776612612436e-02
1.621693621257438434e-01
-3.352629445451069667e-01
2.346499075408529922e-01
2.660769874828826098e-01
-7.299447106806937480e-02
-1.682715347016172647e-01
2.073141968189093354e-01
-1.349599060306169197e-02
-2.557143959852136716e-01
-1.466589934717381916e-01
9.013246762103442611e-02
1.172921306960862109e-01
-5.769142294645240171e-02
5.014513693777254699e-02
7.733669002612374166e-02
-1.750126074522586825e-02
6.511130377408304304e-02
1.082543821240899290e-01
5.376247594161345095e-02
-9.090530180587180764e-02
-2.267765944593209959e-02
-1.347480033338750716e-01
-2.984026452908962734e-01
-1.468381346744523364e-01
8.024821922948578712e-02
-6.609067111378730264e-02
1.265454393623397789e-01
-1.052072559259776977e-03
2.865553767853430966e-01
1.478647183805315013e-01
-1.956057496059397105e-01
-2.401046048366122995e-02
1.245951633476333753e-01
1.471744017940495967e-02
2.044796151863971789e-01
7.521629682748158519e-03
4.190347843061126634e-03
-1.013752056674987745e-01
4.290862387226242886e-02
1.371114596070991884e-02
1.612292236491852104e-01
-2.408928607682678247e-02
9.333213815792970602e-02
1.343926660592585642e-01
2.267821897438740686e-01
6.715941663568755771e-02
-2.985008897379578391e-02
-2.900634291674907828e-01
-1.246136077693451400e-03
-7.905642812071883574e-02
1.795090752276377183e-02
-1.439626060460022505e-01
2.796709116663047556e-01
1.668538917852248060e-01
-1.124135199482947101e-01
-1.616143527744892394e-01
-1.564742810279277363e-01
1.856101566110904544e-01
3.502642987690717802e-01
1.309441035805756492e-01
-9.502459010719065818e-03
1.675751258390740378e-02
-2.313385226860453225e-01
1.670717348020215598e-01
-1.346612439946831552e-01
-8.245564026296582638e-02
-1.618885633387517065e-01
3.045635272529471915e-02
-6.863375360548516074e-03
-2.655680395979588271e-01
7.813971901395136421e-02
6.412208255105972254e-02
-2.029493371652323352e-01
-2.208168854958215410e-01
1.010732307991139486e-02
5.467225970724678974e-02
-3.157590375709803387e-01
-5.393081006478742112e-02
1.438109441471130678e-01
-2.017849081047844856e-02
-1.007389760060828088e-01
-7.780839970397027128e-02
-2.798183012048343840e-02
1.334704189251262330e-01
1.486017888277778864e-01
-3.899273732670393428e-02
8.111343173395434147e-02
-6.979692395082146006e-02
-1.061188548482143168e-01
-3.531297181856300066e-02
1.805557178938001217e-01
-7.104508720677579769e-02
2.561070811042084894e-02
-9.159360914783798435e-02
8.531641597708702895e-02
-1.881460350573392060e-01
-8.838304592834693441e-02
1.305391601403049773e-01
-1.220470804397773001e-01
-1.015415800292776283e-01
-8.459509183399402388e-02
3.666201014833749827e-01
-1.409274269212911282e-02
-1.518782816457333318e-01
-1.913986478517144471e-02
2.707112601208991332e-01
-1.605489880875257333e-02
7.184596342995304419e-02
1.953674497055511022e-02
1.531878373074216926e-01
1.363692934618742358e-01
2.100407111127857163e-01
1.149222873679012907e-01
-4.487480318295819504e-02
-1.185413445575824731e-01
-1.150582549553643696e-01
-3.604161112733832856e-02
-8.445477868950559963e-02
-1.181868126101824901e-01
1.117983790367777092e-01
7.570439345658201702e-03
2.028274230877774587e-01
-5.410854939054069411e-03
-1.263875314617611267e-01
-5.733504971935831501e-02
5.662806113623602283e-02
2.919999389668737622e-01
7.229432085107426187e-02
-1.747080946032975313e-01
3.026898761055370479e-01
2.086538610091550616e-01
-1.628977024446950639e-01
2.105557570986946736e-01
-7.527395461321634285e-02
3.381593234946070337e-02
-4.951763145075710471e-02
-1.105444579965954993e-01
7.507058135796347564e-02
-2.784406188275492453e-02
1.681333362716651986e-02
-7.127790730829142163e-02
3.617961507468947513e-02
-1.356394446296393767e-02
2.392956696945515993e-01
-2.884730916948029592e-02
-1.301299432474122518e-02
2.022478486166967016e-01
-7.203739009607593169e-02
5.481794257001267739e-02
-9.013989780791875628e-02
1.298882446839540739e-01
1.455901268788803715e-01
-1.665972903772460489e-01
-1.752362918897961142e-01
-1.886979665082164914e-01
3.565799634014624186e-01
-3.137218268345994265e-01
9.848612082188359929e-02
-1.390295354820030894e-02
2.374667837562329520e-01
1.582680216701577713e-01
-2.093152642335092406e-01
1.625771563843325662e-01
1.253251766847712223e-01
9.304245317833882700e-02
1.060471149733629255e-03
1.445519745811908174e-01
-4.130232512009307522e-02
-7.099481434750905262e-02
-1.913256177823711990e-01
-1.805806780794885769e-02
-4.308217942420609625e-01
-2.133536111206218999e-01
1.535016756467145471e-01
-2.307429052207791431e-01
-9.390218696536171972e-02
9.825541592655251399e-02
-2.079554891842659292e-01
1.243030075491395881e-01
2.430610543382058231e-01
4.723180315238792101e-03
1.465462018252285947e-01
-1.714151916241598295e-01
-2.912224648674184915e-02
1.722245918238712037e-01
2.741864869871157850e-01
-8.343177683491978525e-02
1.108645961185305284e-01
-5.732090562102672149e-02
-2.126075100053909928e-01
3.463433233748524492e-02
1.672007887651025537e-01
2.411207142661855873e-01
2.753421535207545290e-01
-6.549974191551587166e-03
1.920640534157217749e-01
8.846617552168106746e-02
1.393180132626905265e-01
-1.327151788704944713e-01
-8.982664171722222479e-02
3.396628333398208494e-02
-1.346060757433182459e-02
1.888067512414090543e-01
-1.912887445381828144e-01
-1.162772500044162161e-01
1.390943902334801641e-01
1.186599565297864235e-02
1.667331978938466769e-02
-1.928909421473561092e-01
8.478917192956353377e-02
-4.349396397333717135e-02
-2.341391031101404119e-01
1.258807776284341928e-01
-1.970540038903021984e-01
-2.531315198061332428e-01
-2.133699191440810439e-01
1.640513010125506654e-01
-1.013324111261240112e-01
-8.594950125670894336e-02
2.241724325701268949e-01
8.183841123967677822e-02
2.031546908007444974e-02
-1.435395277940215153e-01
2.922038599535606851e-01
2.614613738033692014e-01
2.462538904630027711e-02
5.191535412140998312e-02
5.412894169316440768e-02
2.287690708042228790e-03
-1.723797672596388553e-01
1.854826159790966544e-01
1.317767905154896835e-01
1.465916580987795537e-01
3.663641780053951691e-01
-1.696824390206300437e-01
-2.199386115437659550e-01
3.653115341958781785e-03
1.258981621500614434e-01
3.989757732091583908e-02
2.622822368902020806e-01
-5.153934710133320496e-02
-1.424380476499821635e-01
-2.081874851392086917e-02
1.593842459159209857e-01
2.071398915527827012e-01
-1.876922771908583762e-03
4.633262240862209141e-02
-1.526388216186153890e-01
-8.497389221743020804e-02
8.909203831497491391e-04
4.790626396520452496e-02
-1.747692600678180941e-01
-1.639591746408773643e-01
3.440684491045235827e-02
2.006466705137977258e-01
-6.210134075445223820e-03
5.641344583677094029e-03
-2.307163575545440881e-01
-2.559702593171851379e-02
7.653859596844615754e-02
-3.703831722731185799e-02
1.191039100003958850e-01
8.773718185055857932e-02
-1.999174771808221451e-01
8.911143295011744736e-02
1.748283102684843049e-01
-1.257698396651369122e-01
1.776526751240192215e-01
3.721059082704399334e-01
-1.157861872323615038e-01
-2.908434834854685055e-02
-1.291270672456295843e-01
8.528136310477037185e-02
-2.101630841271294181e-01
-7.233732071077182690e-02
1.931936980654308522e-01
6.628319285093417501e-02
-2.588748655357837047e-01
2.338279111066403626e-01
1.788030354316167969e-01
-7.521791191811680322e-02
4.211123173049215879e-02
9.109509052152017783e-02
2.992751000532730549e-02
-1.987251122258293923e-01
1.805825511397316230e-01
7.645950699104540893e-02
-2.674562251029540261e-01
-1.748273833577792535e-01
1.338022421112028681e-01
-8.330217816883281334e-02
-1.217644789624179463e-01
1.530063449961054090e-01
-1.520550051413614157e-01
-6.008295172195176476e-02
5.228533893131996624e-02
-5.259259541587844519e-03
8.520644773518384896e-02
-2.389029658594822858e-01
-3.177635441867229238e-01
-6.181262399913595162e-02
2.257226416539805380e-01
4.417489090564863038e-03
2.096524515402317379e-01
-3.178153937036641563e-02
-1.361986048729156851e-01
1.593160165610850998e-01
3.037484239293570254e-01
2.856785731835598807e-01
-8.853595735708408299e-02
-9.184287687799380651e-02
1.408555424528427080e-01
-5.383067760004414670e-02
-2.210852778268200536e-02
-4.858264259598864265e-02
-1.193873942142382599e-01
1.103782313885314469e-02
2.665573620414366657e-02
-6.746158328346756050e-02
-1.278933281571787428e-01
-1.479673265394621517e-01
7.831089088086533312e-02
2.994993505118855037e-02
-4.852230542060870233e-02
-1.571984972290894067e-01
5.771401616659172298e-03
-1.353330460123069179e-01
-2.163063394381627425e-01
8.254973106655809356e-02
5.306793356002522527e-02
1.310167186460914346e-01
2.060330034563410961e-01
2.876558881526386502e-01
2.856559878355814375e-01
-4.383236268631330451e-02
-2.272446510264948885e-02
-5.511804813647441445e-03
7.324817258983608304e-02
1.561810433513246832e-01
2.341657208397807388e-01
5.908596967386413323e-02
-2.197418513872783086e-01
9.695073748760475729e-02
-2.406437393215767051e-01
8.159068540021825744e-02
-2.217682920765512156e-01
5.053027972461209688e-02
5.155787804606395963e-02
-5.767812002065716287e-02
1.377885466922653401e-01
-2.041454412637346005e-01
7.989235233405297953e-02
-2.710725079770277546e-01
1.764046815898292764e-01
-7.424082639789368436e-03
-6.581220133931248162e-02
5.979719029686654704e-03
4.471630617282334498e-03
-7.499306323913229599e-02
-3.335328975904736093e-02
-1.781638490246417045e-02
-1.005089800270152628e-01
-1.588635744634614433e-02
-7.148983179080108108e-02
4.081374705667742409e-02
-3.162544539810565464e-02
-8.650402405560859986e-02
-2.489327167948943709e-01
1.921682369799304346e-01
1.635322255821475279e-01
3.213646207230748397e-02
6.562830217117002207e-02
-2.067927652711600561e-01
-8.206925279763759018e-02
1.811105441087161316e-01
1.856060089606394528e-02
7.769466003882168070e-02
-1.780658010949522363e-01
7.727728444787551609e-02
-2.596677878973637776e-01
-2.146459273626108721e-01
-8.371118576182436100e-02
4.059845917679084232e-02
-3.520803920650091706e-02
-1.804002333925138757e-01
1.573266339426465932e-01
-5.496213272829535840e-02
-1.892104014866614892e-02
-1.846613406207724684e-01
8.275852714399170584e-02
3.597943028826796619e-01
1.366108637808277904e-01
-4.727743923899681983e-02
-1.036186754285338546e-01
-1.872460460826722711e-02
1.541645244415322524e-01
1.384643019174114920e-01
4.060266131865629124e-01
2.239237830149819891e-02
-4.820859737038387521e-02
8.135987055346494135e-02
1.891182762056969890e-01
4.931748171190002139e-02
2.755425731909076914e-01
1.169466049719066342e-01
-1.143464359445710010e-01
-2.756364461565892834e-02
-3.084387890559848189e-01
-1.458199245052965998e-01
1.049501495954494046e-01
-2.398751351741178206e-01
-2.204268996448796036e-01
8.370734137654169127e-02
3.275960868190980757e-01
1.309208094036054537e-01
1.527195031860963670e-01
6.352091508303980838e-02
-8.248977922380401617e-02
1.870848625408001453e-01
1.522976540713912030e-01
1.408516964311364028e-01
4.254757530279229538e-02
1.185147075904618985e-02
2.986927521558233045e-01
1.021592803896834434e-01
-1.522993089349742868e-01
4.542923717968165576e-02
6.106004952919270173e-02
-1.976652026363072689e-01
6.274599629262453404e-02
7.204796389006046242e-02
6.932182453659259391e-02
-2.069517178897598286e-01
1.900989317630698561e-01
-2.639857703034999559e-01
7.193584208102481170e-02
-1.555150946863087524e-01
2.324257082443781375e-01
5.390866633303133953e-02
-2.050921811356760660e-01
1.485838463732055692e-01
-1.492261762358191787e-02
1.789091595232376319e-01
4.897850939875564996e-02
6.792266204358426984e-02
5.903287661189548369e-02
-1.854827269033096082e-01
1.246514305548585555e-01
-3.843835025664150973e-02
-2.451681523505036819e-01
4.701526319705760792e-02
2.565475314255289963e-01
8.252232032532956507e-02
-1.863274990328050995e-02
-1.553218358133145460e-01
1.460646948397704703e-01
-1.626352024739743385e-01
-2.860775886613493579e-01
-2.664250453784058545e-02
5.304464987163958617e-02
-1.252527216684790612e-01
1.416864723213250299e-01
-7.230716100364618926e-02
-1.845582800390369871e-01
-4.251997484387712301e-02
2.969573508908171511e-01
7.844770684474676459e-02
-2.635829718101118657e-01
3.623441835821528123e-01
3.407875884690543533e-02
1.856477150789615782e-01
-1.841400889517264550e-01
-2.008769261306055653e-01
1.930406681179109296e-01
-1.486845046493196487e-01
5.118159872793875964e-02
-3.354856756256167638e-01
-2.217670299462639605e-01
1.809257514608260675e-01
2.871934587188706631e-02
2.941377818647310585e-02
-1.722289775961912961e-01
8.835533020553953953e-02
-9.810472206087500480e-02
-8.422064211194944805e-02
5.652492001676457864e-03
5.873307735877179164e-02
1.495236648504062182e-01
2.581601078367802282e-01
-1.643943818696829984e-01
3.078364242581576021e-04
-2.655897037833642171e-01
3.028489527739899323e-01
6.978287988108330953e-02
-9.166102019494470898e-03
4.518720291160088082e-02
-2.250580555013712847e-01
1.328129211187685232e-01
9.575529158169208965e-02
1.283707395846916677e-01
2.796488439883197327e-03
1.632697896445536589e-01
-4.330308126440896715e-02
-2.966026654794893802e-01
-1.609131678009160238e-01
5.640470061871860619e-02
-4.180572303782445487e-02
4.907815399657680655e-02
-1.104952011736170803e-01
-3.694294607961564614e-01
6.827314140740477558e-03
1.702689919692792209e-01
3.732863511820831703e-02
1.648887001714777201e-02
-1.263753420343479983e-01
9.587738070039419913e-02
-2.656765431852978199e-02
-2.344881118415255428e-01
1.276472737318887218e-01
-1.572986978400069402e-01
-1.300894465072771067e-01
-6.905480916893431964e-02
-2.078814020184797662e-01
-3.790525215333043901e-02
4.845518461819823403e-02
-6.091212824917619645e-02
3.376327007710612504e-02
1.199613097610066070e-01
8.257719836621894849e-02
1.145372978875246472e-01
-8.616164617716500287e-03
7.139755135469909308e-02
-4.170747414788342211e-02
2.118057817268547416e-01
-1.119430316306967849e-01
-1.801254176229951515e-02
2.011992504043046692e-01
-1.562671114207388190e-01
8.207485247404437689e-03
-5.291479701971340405e-02
-8.282918658138815893e-02
-6.524067027310690749e-03
1.991803160438793685e-01
-5.112424155353287314e-02
5.472536899331348348e-02
9.971767033214848364e-02
6.034863294202046785e-02
1.713556870504205909e-01
9.793214291009746941e-02
-1.904919016890003480e-01
2.412659210686421973e-01
-2.137057381763027286e-01
-3.110665081857929004e-01
2.778997605171071306e-02
-6.468499190841733859e-02
-1.964361709214925977e-01
7.513408881276475992e-02
-4.515529782902502620e-02
-1.068191182659558036e-01
-9.354329014249136709e-02
1.032430046416977776e-01
-3.075123314710307559e-02
5.633316610756020776e-02
-2.798800106946419120e-01
2.277229001525953866e-01
3.143592794577702160e-02
2.452810602999869749e-01
-5.108895142134293327e-02
-7.812306360780590930e-02
-1.169152754345937906e-01
-2.682456479731790688e-01
-3.320389834399595785e-01
-7.057502470366706308e-04
6.357425445531942818e-03
-1.359058682438469001e-01
-2.070027280905579470e-01
-1.608761529390910217e-01
1.071317062656654412e-01
-2.599256277785362834e-01
-8.593935604897411096e-02
6.754868049797939367e-02
