# GABRA1
-1.050715616598419805e-01
-1.063564372883243903e-02
1.493024345411154974e-01
-4.728727094900559043e-03
2.076937238695350518e-01
2.637843328731607692e-02
-3.976722298278365098e-01
2.154685214355893941e-01
-1.214098030416667501e-01
2.005742341389286088e-01
-2.206375641633642748e-02
-1.458487807515893020e-01
2.246895928045856972e-01
1.646190650382712839e-01
-3.923054550621173364e-01
-4.039890759406263021e-02
4.942327442730463233e-02
-4.616566304408267762e-02
2.102270794200811477e-01
-9.573561884696568658e-02
-7.493275424573679622e-02
-8.349843029746990830e-02
-8.052084141583364107e-02
-3.226100544417588312e-01
-2.005811179910567954e-01
1.472228362765936605e-01
-2.495167015743682548e-01
-2.051992117116823930e-03
-2.673708793000449946e-01
-9.987857181313232469e-02
9.584996140580367974e-02
-1.172610136834291578e-01
2.239765293333829954e-02
1.606359367203125388e-01
5.651423948169791850e-02
2.184945980609789753e-03
-1.338938341174684965e-01
1.691884208045260629e-02
2.409096792077121685e-01
1.198157844536842757e-02
-2.103530494138107498e-01
8.642338669183582955e-02
3.701925807849561212e-02
7.909309567494121618e-02
1.620288494417997452e-02
-1.446207374093805287e-01
-1.853779933705713145e-01
-1.996407481720461619e-01
-1.093398054559488880e-01
3.345677188329452267e-01
3.491750053123459513e-02
-2.073929695511027849e-01
-2.528542500169401186e-01
-2.872903158760811704e-01
7.564944249498958828e-02
-3.201494844548577468e-01
-2.795406298649745214e-01
-2.013336672529283111e-01
-9.550788626844949891e-02
2.678082741315432336e-01
-3.020172270426723649e-01
-1.002365640833570715e-01
-7.173452536537268387e-02
-1.953155308738001028e-01
-1.898707889048558139e-01
-7.269058078879817031e-02
-2.275592022205805698e-01
7.015515287626578056e-02
-1.956947261435661167e-02
6.272264884493172765e-02
-1.298339729119981079e-01
-9.834255227330367111e-02
1.853533350973057270e-01
-1.076007128585081546e-01
-8.949648378373756263e-02
-9.097317722544916163e-02
3.524618265727284816e-02
-1.640219582457889402e-01
-2.685431591078493163e-01
-2.460764225453546290e-03
-8.870091584092820725e-02
-9.545052894661368303e-02
4.399514905126246378e-02
2.276911172633812874e-01
8.489237215612037424e-02
-2.988677224455509041e-02
-1.469533944529076430e-02
-1.833118024583949568e-01
-1.499544372891560007e-01
7.369077698317608172e-02
-2.952485286865607836e-02
-5.058054131417804439e-02
1.470197659912853005e-01
6.784580288023894790e-02
1.188923984440937442e-01
7.275229399418099707e-02
1.400676688051736840e-01
7.509733738424027860e-02
-1.547644140202915908e-01
-1.471640821237155984e-02
8.122671211171775263e-02
1.853098070958351662e-01
-7.444140136547171271e-02
-6.513460594438366148e-03
1.858722367103514683e-01
1.217047305530513657e-01
-1.123186310238081659e-01
-1.575216393672364823e-01
1.517261134105726550e-01
3.676918528852887724e-02
-2.646517623287756305e-01
1.752105726461389013e-01
7.595526939861016458e-02
2.124614154125537002e-01
-1.561335132647746760e-01
-1.169838956943231312e-01
-2.978571621464175950e-02
-1.700541243971482597e-01
-2.682355746555727394e-01
3.029324553210153703e-01
2.787829489715955567e-01
-8.808073557212660332e-02
1.541089630714242466e-02
2.976305193715661143e-02
-1.450321122686828446e-01
5.455767953691959427e-04
2.296689547012174815e-02
-9.874841077211886364e-02
-2.641340980383515280e-01
-3.929125443617031976e-02
1.768524130243279424e-01
-1.593754409118019744e-01
1.955033929629279854e-01
1.374209865581266232e-01
1.400906207305975537e-01
-4.431646757112799560e-03
-1.229264370732679745e-01
-2.306794285957859680e-01
2.371070013381476327e-01
-4.144741794863539275e-02
1.236837621270146653e-01
-1.074374694874340591e-01
-4.236423049733768764e-02
6.666061518344119918e-02
-3.268073524455640255e-01
-2.418557078785489589e-01
4.223396549332251171e-01
-1.567496169743794743e-01
-1.524112211767818248e-01
1.443796503738616066e-01
7.850396591643242494e-02
7.880969429376163959e-02
1.622195405035678495e-01
-2.516987299038616066e-01
-1.553333358154155575e-01
-1.127377487676856430e-02
1.659491249181529182e-01
1.081026147673625343e-01
-1.560969080799700648e-01
3.053725100766707112e-01
-2.507267225495671825e-01
-9.338945330080812568e-02
-2.675005324783062965e-01
1.871930356947593965e-01
1.479786429151526694e-01
-7.188753339462498892e-02
-2.291376846209726703e-01
2.033182198281657804e-01
2.956231069134084843e-01
-8.643603229835658541e-02
-4.012369008416507427e-02
9.418299028959863095e-02
-1.870328771066867013e-01
1.858150223896747749e-02
8.242527191350169924e-02
-8.383953173415834015e-02
-1.603591436402202960e-02
2.995834421164045649e-02
-2.417994934650294914e-01
-8.276573001483213121e-02
2.478555078010007684e-01
2.132571533974242095e-01
1.699330099019671914e-01
2.115538296741084900e-01
-2.419898977154535114e-01
-2.941144422739853936e-02
-2.265233356478204840e-01
2.110391019252843003e-01
5.857290911176653986e-02
-1.142674617165591044e-01
-2.365720570981277165e-02
5.005733923876392460e-02
-1.991880654653878091e-01
2.189019589483329892e-02
1.066647542475314576e-02
-2.815558006916071832e-01
-6.890346470492879349e-02
6.816793913587045062e-02
5.558812619247136683e-02
-3.431487861026069619e-02
1.576948025375819740e-01
-3.025518910362722802e-01
-3.444817268965449930e-01
-4.040700433506566602e-02
1.289816279353203921e-01
2.057017253940042478e-01
-3.287966738578232961e-01
-1.573571887464516039e-01
9.785205087487615361e-02
-2.645774427834019504e-01
-2.418870490728602107e-01
1.289568221943728499e-01
2.896492096688140228e-01
-1.198614027596349579e-01
3.960130506476763346e-01
2.518614119688427633e-01
1.392849086968685202e-01
2.600616131801653519e-01
-2.115169508663371570e-02
-3.455989985493763128e-01
1.066174887952672651e-01
1.926062478413675116e-01
-1.419843530515923491e-01
-1.007475288960977405e-01
-3.136889539937296467e-01
2.420681629035231486e-01
2.065648229678657133e-01
-7.710628726227715390e-02
-1.881078407420836707e-01
-3.817272859574465382e-01
1.347802957079340669e-01
1.621935238929847201e-01
3.718487389092005602e-01
2.205166852778564501e-01
1.750672856194208926e-01
-3.253653636228776708e-02
-3.258589007330188192e-01
5.479970561573806881e-02
4.468509948061397119e-02
-1.572124233977622090e-02
1.052019068398978366e-02
2.646776541827345897e-01
-7.878450858089040831e-02
-1.924811295755254337e-01
1.290288299477385936e-01
2.284269160740947172e-02
1.386930608681195554e-01
-2.492315469517576987e-01
1.953306006652682503e-01
1.778381023224306079e-01
1.938601493451709845e-01
-7.341301814536252413e-02
-7.694349865543131592e-03
2.573665208430196971e-01
-1.918902542340127637e-01
2.172930157863321721e-01
-9.933131498794170455e-03
-2.957702684277657146e-01
-3.673222005363419584e-01
-1.846895902333472173e-01
-2.686930767135430331e-01
-2.884901125714091005e-02
1.069509726086283058e-01
8.643177993117918956e-02
1.508150275340684188e-01
-1.907102898043306627e-01
-3.160643278866462902e-01
-8.080124193107575403e-02
2.635147114984209837e-01
-2.839363663971979368e-01
2.299158517569429294e-01
1.368851498527344154e-02
1.002314435354248467e-01
1.919910175266927310e-01
-6.177043596501846645e-02
4.659106533826899016e-02
-1.535615455307680066e-01
4.788896722645963333e-02
3.196388361769395559e-01
1.187982625871195214e-01
-2.391930089941928794e-01
3.067375891442496449e-01
8.776899660967361905e-02
-2.924553017668175547e-01
-5.591035842298626435e-02
-9.709440511930222950e-02
-2.762224248289168460e-01
1.729762814022287390e-02
4.035479717497432728e-01
5.416078615271190284e-03
-1.394815974178015561e-01
2.112058488079531504e-01
2.367760293423617213e-01
3.100462731528488280e-01
-2.627161845699683140e-01
1.368647595465294353e-01
-1.852102185367753284e-01
1.378157238644034388e-01
1.591048822703998999e-01
1.133363066623936793e-01
-2.451258026521389681e-03
2.993738879373210593e-01
2.477933069312144090e-02
7.547753476222315849e-02
2.066109811797101348e-01
1.310306622677175903e-01
-2.746016716694399951e-01
9.279034046139880698e-02
-1.313131065292681143e-01
6.838692061581340409e-02
-4.568873849008382032e-02
-2.536302797245172935e-01
-1.421261749941208352e-01
7.235579368286937374e-02
-1.082573964608025824e-01
-3.012863896558419796e-01
1.537511020993851674e-01
-6.650681497276875187e-02
-1.560709450118007990e-01
2.449618034023564109e-02
-9.986656412227247481e-02
-1.505202471972233169e-01
3.779056093976163599e-01
2.740664899671739763e-01
-1.852707601596302045e-01
3.655738948325227416e-02
-2.763968998098784505e-03
2.458862765218737187e-02
-1.027215988593039170e-01
1.500337176116078586e-01
2.988825620597716504e-01
1.561768175985968343e-01
-9.759784080655198313e-02
-1.545441482427262203e-01
3.934674522545639208e-02
6.911430063652648781e-02
-1.849639413656567477e-01
1.197919538386416766e-01
-1.311393021253529079e-01
-2.393725592332264507e-01
-5.349683408730174922e-02
2.257568299170575887e-01
-2.168057939543782953e-01
8.918864551409942209e-05
-3.145936893119947730e-01
2.951053667565398109e-01
3.397790988634706300e-01
-1.876865894032588300e-01
3.357440301079790412e-01
2.384523140590017465e-01
-1.724287934861647208e-03
6.887939819190563862e-02
1.296258606335785324e-01
-2.015109615055917791e-01
3.483415883275162162e-02
-5.068202820684857002e-02
1.404932216015263302e-01
1.961250445841635770e-01
-6.247918244557186529e-02
1.075614348334147097e-01
-1.753278497419352711e-01
2.394482587085530745e-01
8.495923972212901520e-02
-2.047969716581011790e-01
-4.356893370906035623e-02
-1.178119782068852983e-01
1.613461127098287651e-01
-2.926566179867159390e-01
5.065983645950027786e-02
8.949652791367053439e-02
9.070087801044142417e-02
-1.211250376274197460e-01
-9.886275817068664040e-02
-3.872634367189093929e-01
-1.855248341658183586e-01
-2.472473806212306113e-01
1.261585278923477438e-01
-1.059344917246893697e-01
2.901660129649689113e-01
1.793877477933703349e-02
2.948170455695310888e-01
-7.977719871638447313e-02
1.330678134905235455e-01
1.873685858649083158e-01
-1.332093303930969794e-02
3.525715238886826391e-02
-2.380921702286052481e-03
-1.167964389910646911e-01
1.292900879211158760e-01
1.387524469013531880e-01
1.458292662955777419e-01
1.969562098132719707e-01
-7.085740823808517157e-03
1.148059655610499386e-01
1.986745145088761322e-02
2.491635306211405221e-02
3.775474731214710777e-01
1.514978216744056888e-02
-1.376235485361372302e-01
-3.971338728389253031e-02
1.180763785379354558e-01
-1.732740779463581154e-02
-4.145111893915023188e-02
-2.280614956046206898e-01
-1.118851212121547804e-02
-2.293242434234592786e-01
1.905897531751512552e-01
-3.214094649220670952e-02
1.121148633927815663e-01
9.816656596999477624e-02
-8.759605403404713232e-04
3.235996664693944758e-01
-1.170233009918108247e-01
-5.177846665713962265e-02
-7.951102411784782831e-02
-2.672539569000366710e-01
8.507920137245789105e-02
9.852330210833568774e-03
-2.071585812641379282e-02
-2.974227424207659953e-01
2.724833788183773087e-01
8.469390466973297782e-02
-1.262444140735500542e-01
6.737759151978361949e-02
1.017586099151437662e-01
2.267622448755488573e-01
2.114747969512635953e-02
-2.677518948584891589e-01
1.337336874912209150e-01
1.387867740585644553e-03
2.202024551967583232e-01
-6.064522608454194288e-03
-1.100761647685154637e-01
1.071736114465908635e-01
2.790862850193493450e-01
-2.068478432999618644e-01
2.665316865293071436e-01
-2.941678542879674341e-01
5.556271908669432186e-02
1.261905903526359118e-01
-6.118040733880739795e-02
2.621489576398396484e-02
1.330132418663817762e-01
1.634729874986106390e-01
-1.931481667059668506e-01
2.687683304736764867e-01
8.035673875161725155e-02
-3.273025133305098033e-01
2.311988611671578486e-01
-1.556166463793753896e-01
1.228161735853139647e-01
9.006134900441395766e-03
-2.429932987092379981e-02
-2.817543305592469238e-01
7.388531858906617622e-02
-1.286066962903645861e-01
3.106739937695198600e-02
-1.548845088225876687e-01
9.843608396158667895e-02
-3.101383241765826027e-01
-3.755758328566141113e-01
4.422008771041850000e-02
2.181246663388780316e-01
-6.909485200680627603e-02
-2.248687132914191089e-01
2.860710532834542796e-01
4.068139813067109256e-02
1.558600458546557932e-01
-8.069007318951748609e-02
-2.950249898113652125e-01
7.437671151689582982e-02
-8.001093527406674677e-02
2.772904588043797330e-02
1.055560505633031387e-01
-1.142032280866104310e-01
-1.770916578337041192e-01
-2.094021494617271870e-02
-1.145256340056362981e-01
1.027661172353132868e-01
2.697659230554186327e-01
1.435106464360864920e-01
-2.399423315934604284e-01
-3.452095475968358640e-02
-2.750372219912523009e-01
-2.132471324675490332e-01
-1.946341155776725174e-01
-9.722788476539116764e-02
8.549433361816322074e-02
-3.161775144809328419e-01
-3.451746565841071895e-02
-1.224895729431176583e-01
-1.605520861855999626e-01
2.232174262406261267e-01
3.823550665948429600e-02
-5.572967976687166064e-02
-8.788933056850629921e-02
2.854246106292480101e-01
-4.236011086973067580e-02
3.548602334935079677e-02
2.084865484144885206e-01
-1.628859465517320249e-01
-1.033332765288246524e-01
3.580315009907857754e-02
6.314106331682845137e-03
-1.808128734215231070e-01
-2.401822264210349001e-01
1.155760704826670066e-01
8.356531684534720950e-02
-1.362554493234630071e-01
5.034843971468976748e-02
-9.564057002835341104e-02
3.427416836538095257e-01
-4.235488739531186736e-02
-1.871318881016953428e-01
2.806157557115433465e-01
2.529870830536327109e-01
-2.395853222867786458e-01
-3.038100718642963161e-01
-2.234557093525907645e-01
-2.234731656432725200e-01
-3.142289080363151049e-02
-1.676728195445570113e-01
2.497246801959055740e-01
2.780093164368192538e-01
2.577508454868797025e-02
1.640582371688087959e-01
1.591581816024572049e-01
-1.030399226322043643e-01
2.761159926743941284e-01
9.028276530128390154e-02
2.872863350471020413e-02
1.584954303212820770e-01
-2.038927934176189560e-01
3.409853457134590093e-01
-1.869667246089072032e-01
7.517614215980139569e-02
1.247715055989559452e-01
1.425233644998860627e-01
-1.152098751048900513e-02
-3.169976816507659445e-02
2.080972747498386621e-01
2.851955597729523562e-01
-3.628690295752427797e-02
-1.943504639985313143e-01
-1.269192346384903913e-01
-2.390408956405804530e-01
8.860179512012610059e-02
-2.926580042517687441e-01
2.440643689666074923e-01
3.313427847009361438e-01
1.750466917709830317e-01
2.661254948326637407e-02
2.773100366566240149e-01
7.530383203433695105e-02
-4.015301097647808182e-02
2.378292188267152052e-01
-4.233348846515188474e-02
2.190453371683814543e-01
-2.428674453391277757e-02
1.164242328806582571e-01
1.883949181487235350e-02
6.071321863979525779e-02
-1.020812345882432248e-01
-2.174503651447890484e-01
-7.945150528954778024e-02
3.706730094559507888e-02
-1.400963537652651081e-02
5.420099443085310553e-02
6.384818651006354817e-02
1.412524111363310797e-01
1.344155988876929997e-01
1.196337850840980144e-03
5.218037643960986988e-02
-1.609904389452817761e-02
2.007353619762861086e-01
1.144277157505863285e-01
1.920761006996533349e-01
-1.549959428492163893e-01
-1.159961587532907235e-01
-7.525628777632678568e-02
-2.781885374871262973e-01
2.703774637674133396e-01
1.655848924025079272e-01
-1.444168332978454927e-01
-2.865926167745644348e-01
-2.517652275697543907e-01
-3.816293440635210726e-02
-3.634719142611888554e-01
9.168279202796933425e-02
1.992471088689092285e-01
-1.338482021517490850e-01
-1.300403920637364756e-02
-2.599867978859566331e-01
4.545941261232887970e-02
-1.460748152310735182e-01
1.574122568714698134e-01
-2.315205121492024121e-02
2.549558606788743798e-01
-5.329726076790068656e-02
5.306761000534505890e-02
1.782971474873187301e-01
-1.003215137259872297e-01
-2.422243442448666073e-01
-8.803829455370988655e-02
-2.798289129714477963e-01
1.545447054462669237e-02
-1.262938351642656221e-01
-1.237154472632319840e-01
2.849865371155484994e-01
2.496965766551378571e-02
-6.218816936041364485e-02
-4.503028618527696141e-03
1.407991193683160169e-01
5.913452621020971224e-03
-3.802300416319843723e-01
-1.317483200357287727e-02
1.697789123073492612e-01
-4.153612536345555051e-02
-2.562820299767115326e-02
-3.427715332094747880e-01
-1.279442356715403406e-01
-2.990951681526223260e-01
-1.318759352746897567e-02
2.497711689368636301e-01
1.831836021957689575e-01
-1.953065823853472605e-01
-5.239713568044830627e-02
3.489893511677388260e-01
2.048003413688971874e-01
-3.095118208222202294e-01
2.400990804649569613e-02
-1.645022193919407627e-01
1.204860122965846214e-01
2.171465443220279776e-02
2.837223196300973221e-02
1.487407548587796058e-01
1.960108994362988744e-01
-9.858785561194131908e-02
2.515782995860013985e-02
7.924044008904299052e-02
-5.250972364471413051e-02
-2.826970365792357276e-01
1.079441982390547394e-01
3.299763732694671048e-01
2.131151474650441312e-03
-2.225821793820247085e-02
-2.344968939868282698e-01
-1.948275510635783525e-01
1.571759540671496536e-01
2.802414875386639165e-02
4.484739381174746020e-02
-1.341079963440743039e-01
-2.906036860263494156e-02
1.359285736719474114e-01
-4.079040172856635699e-02
1.903689343108129206e-01
2.108567805667776740e-01
2.993853169413821392e-03
-1.514949389894170717e-01
-2.754464339369132042e-01
4.425527045313162877e-02
-2.421423807064168043e-01
8.466620379809243480e-02
7.811707213731293453e-02
7.613738630721859912e-02
1.388745223429332654e-01
2.739493623362833086e-01
-3.427764077519167563e-01
2.959081072196108053e-01
2.823697200007527219e-01
-1.453789811869706516e-01
-4.251834242080052700e-02
1.831627177791250449e-01
4.538979442791051255e-01
7.178414455440947084e-02
2.227492460591364853e-01
-2.678717896454831937e-01
2.594140891606514301e-02
2.763993041403573631e-02
-2.288463792545793463e-01
-2.306614000582507817e-01
-3.512872877896173075e-03
1.270538795345513561e-01
-2.364572686193982254e-01
-2.635755180403193121e-01
-4.717033068635979876e-02
-7.985034832142957895e-02
4.033842598270454549e-01
5.368939936760214193e-02
-3.325486759146671356e-01
1.381970908950975185e-01
-1.076089341601604160e-01
-2.387296373248187220e-01
1.688998779549164735e-03
1.269934423000250723e-01
1.185316314951860156e-01
-7.684413151267110130e-03
-2.682958577726572980e-01
-3.402173067307674020e-02
1.177777064005329222e-01
2.694729799629583256e-01
1.384100026519744231e-01
6.145558518744478199e-02
1.163884173348091466e-01
2.959891176697421189e-01
1.477734785419874686e-01
6.151586071109019227e-02
1.470617547246394763e-01
-2.092588212833642047e-01
4.585149161060688150e-01
-1.678665166409123999e-02
-1.254397280134279535e-01
-2.178050558005057702e-01
-1.522321550158339254e-01
-2.436044660398051578e-02
-3.400407302946555910e-01
-2.830644603884771224e-02
-2.992931747766812145e-01
2.063838457963735606e-01
-3.224017508819215783e-02
-7.020201610216675152e-03
-6.942589913124061485e-02
-1.609709360522479371e-02
3.424499011073244004e-02
-1.958815452599053930e-01
-7.871305291671609750e-02
-8.113851161338231366e-02
-4.109423009023547430e-02
-9.648108285515241689e-02
-7.041555116320824537e-02
2.268798130977588978e-01
-5.713410831562192038e-02
1.590491444651913333e-02
-2.795275829616509222e-01
-1.512713389003901218e-02
-1.025167566140437331e-01
-2.758349989119251652e-02
-2.696726940904297654e-01
-2.386173366278788177e-01
-1.813021286584548530e-01
5.544672010281145869e-02
-8.026641817509963528e-02
1.715059389398227926e-02
-1.034839566085803964e-01
3.058272944386797865e-01
6.217794090246684703e-03
-1.648656464181770809e-01
1.413563286066785336e-02
-7.309513421713417780e-02
-1.734869907166676495e-01
-8.981087408312085629e-02
-1.067322496200527604e-01
1.157348736405786477e-01
-2.850916846941582983e-01
3.713724032140967358e-04
-2.038626468467947817e-01
-2.836244552268086250e-01
-1.711300007647308108e-01
-2.885844023789727042e-01
2.346779890453283834e-01
3.237145370524384669e-01
1.664260901872715581e-01
3.693683681149996789e-01
7.092793247820752822e-02
-1.944004388606706546e-01
4.161510374270235152e-02
-1.076995221719361101e-01
-4.069299454200380611e-03
-2.943042824521192591e-01
3.687252132326434423e-02
-1.236293926938528825e-01
1.623622738496703910e-01
-3.424044064523311393e-02
-2.952131719229225681e-01
-2.863615340233375411e-02
1.247067073033905904e-01
-1.897807425766593128e-02
-1.449999172851123563e-01
1.620485791385794516e-01
2.234062015071730800e-01
-1.030508981164388882e-01
4.620879332993720751e-02
2.048393372312306004e-01
2.061977886935706383e-01
4.016986372746281231e-02
-1.928439765868124878e-01
-1.144830266777405320e-01
-1.040978895106202395e-01
3.857962374415631057e-01
2.389275819511434140e-02
1.603190848967127879e-01
-3.771837671247744717e-01
-2.331122843488524221e-01
1.380413487633374847e-01
-1.489883155314718211e-02
1.626957328386714197e-01
-2.098607441948392160e-01
-1.699472755010741258e-03
-2.621260952668285071e-01
-1.352798661432618940e-02
2.245882842942961144e-01
-9.846503199741769852e-02
-7.820761910809079231e-02
-2.340664587750061060e-02
-2.003907116093903984e-01
-3.898944967789111371e-02
-1.678523092635748060e-01
-2.696423669015560742e-01
2.710093759001164782e-01
-1.953177238421147932e-01
-2.688838939868190003e-01
6.317642410247712587e-03
1.179813398217122861e-01
2.851615212392784662e-02
-1.905568506771681547e-01
1.912503454089942712e-01
2.541477195955503254e-01
-1.392794459753441960e-01
-3.116232985872547864e-02
-9.741641605024276007e-02
-5.865067574398737799e-02
7.493979938375999739e-02
3.649702136593394597e-01
1.498245390034201596e-01
1.985568219026392078e-01
-7.502107645212434395e-02
1.162167792173484926e-01
3.522490365611160440e-02
-3.274932249546422952e-02
-7.876628499972886110e-02
-1.560444543162195670e-02
9.436471463004017513e-02
3.446688684322293111e-02
4.900523403398458766e-02
-1.256685794302182801e-01
-2.921177936222226629e-02
4.212896738352325116e-02
-3.142404594330671652e-01
-6.049298057237019856e-04
2.456574431141054782e-01
1.635043868571404158e-01
1.646230364483687869e-01
-1.173954960412775111e-01
-9.139252366699111840e-02
-7.128347505338419876e-02
9.627440501347120372e-02
-3.415561603175648053e-01
-2.020118581684784698e-01
9.140639868112365729e-02
-6.293878063639918308e-02
4.311840359282844565e-02
-2.110764772877182505e-01
2.425808957702495217e-01
-1.976787747236433967e-01
-3.846715972852992466e-02
3.938136975829951703e-01
-2.484662278309693884e-01
1.662756988192670426e-01
-6.354315626795033201e-02
1.771093035310755126e-01
1.262681741124208612e-01
1.178584411152040351e-01
2.020771377734403018e-01
1.552813074993907860e-01
-1.488783062969465387e-01
1.564002278728655326e-01
-2.535383173744438778e-01
3.861722033004353488e-02
-8.731210779518742970e-02
9.369368522894960805e-02
2.350248956540677003e-01
-4.060487780013503217e-02
-2.299126484096426504e-01
2.086157990302255905e-01
-3.097853912149729078e-02
2.318625939929230828e-01
1.467360465355416477e-01
1.256217251353528019e-01
2.750340534240548057e-02
2.892702193877134675e-01
-2.279778238760378495e-02
-2.403294028577256936e-01
6.027291161538213260e-02
1.594099331604477421e-01
-2.335918515609277935e-01
9.270557652797732640e-02
8.012152623156566789e-02
1.886702553361711554e-01
1.453000913345625367e-01
1.014744438196035631e-01
-4.722590754045605937e-03
1.820005826607188071e-01
3.048900345155772240e-01
-3.279109022052738021e-01
-2.252953530227532475e-01
-2.094044375576670780e-01
2.088048454891840711e-01
-1.897794263428169426e-01
-5.572643014666337977e-03
2.279908175261811942e-02
-1.008770890360089281e-02
8.245155604613227385e-02
1.244035762367446396e-01
7.538240770882018160e-02
2.943907464336468702e-02
-2.087281425907957511e-01
-9.622298087670759503e-02
-1.359272221048335172e-01
4.169411507028145114e-02
1.600448729392682234e-01
-8.282245470345166172e-02
-4.015243666754826635e-02
6.851843864042081456e-02
4.925771970624756579e-02
4.977122732712204595e-02
-1.371071701389686981e-01
-9.845684252328307240e-02
8.115496326212369438e-02
-2.366039360739594921e-01
2.610588166710944846e-01
1.548810264276322401e-01
2.337163648693346973e-01
-2.612953056133232588e-01
1.037086066667602113e-01
-2.242997695108013279e-01
8.528929502784902972e-02
-5.597683020755200162e-02
-8.953646546171152576e-03
-1.868820292753103907e-01
1.086351299864000836e-01
-3.422811367606046727e-03
-2.785808794116708120e-01
1.568350910951715749e-01
2.046825981615792434e-01
-2.355897224666519685e-01
1.875043632933401649e-01
1.014101450391706877e-01
-6.329544750933922825e-02
1.586317602461250753e-01
1.921362376663837968e-01
5.354277388483020400e-02
1.765486014604489839e-01
2.002339748618089943e-03
-1.014767154310140529e-01
-3.504634960256910459e-01
6.757996652550478378e-02
-1.433863718462799752e-01
-8.622255404426645842e-02
-6.186160303757597123e-02
-2.527409284793011857e-01
-2.007560332018084315e-01
-1.335267433396430115e-01
-9.460577549602434966e-02
8.216251547160370594e-02
-3.452908843553283424e-01
-8.927956434136609387e-02
-1.185830133944751619e-01
-1.648673775567466651e-02
-1.537170547695761724e-01
1.214061120897053231e-01
-4.873140771393724008e-02
-7.075223328519270050e-02
1.806956656343855147e-02
-3.864347580319199560e-01
-1.104397567662925156e-01
-1.900532450689820796e-01
2.326689406919658365e-01
-2.381744602039499448e-01
-1.562204730437775357e-01
1.722467481625262198e-01
-2.792902200348737138e-02
2.192393587335083327e-01
-1.782596099221120389e-01
1.530928885811909390e-01
-1.124541723436213309e-01
-1.698096714666438301e-01
-9.901495268182231024e-02
2.093637653224590944e-01
1.624423193354216088e-01
-6.776551231112218354e-02
1.806493617237678317e-02
-6.828979169104353042e-02
-2.148391005380664021e-01
3.986163426756067496e-02
1.558519630611147067e-01
9.256080767730620606e-02
-5.807497358171188895e-02
-2.417417628388896234e-01
-2.010605767985234049e-01
4.904764386567586065e-01
-1.288372649966076644e-01
-8.932125096322211799e-02
-3.654488746160629298e-02
-1.462220400446848090e-02
-2.813204506059179683e-02
9.825338430334060180e-02
-1.167438560502054440e-01
-1.720481315688372481e-01
1.155936417846319675e-01
-3.188545043781393362e-01
