# GABRA2
-4.769223260707045053e-02
2.062920575350325469e-01
2.666205069827249918e-01
6.351542518073177712e-02
-9.231700965642428147e-02
-3.948227878399965078e-03
-4.097127066571541743e-02
1.215708653826924057e-01
-1.664850347024491584e-01
3.967926283400598220e-02
-5.092843885212259419e-02
1.074049373518637523e-01
2.182471529631880847e-01
-1.670339095116588068e-01
3.211139674065188743e-01
-2.347300147854479990e-01
-4.948557081379440642e-02
2.115694168136642572e-01
3.609418159100781787e-01
2.829533303513772080e-01
-1.483636843823143148e-01
-1.540437739998243988e-02
-2.677491260821397018e-02
-1.105820301116963549e-02
-9.496376641157254495e-02
2.409676577479046844e-01
-1.008121440318098805e-01
-3.491661864168726925e-01
-1.821799748337041003e-01
-4.132010513912774685e-02
1.618685839563998030e-01
-8.596897950111950792e-02
-6.308638896601173607e-02
1.593623598582791512e-01
-8.981206986366235823e-02
-1.487464920918862288e-01
-4.724229098446923458e-02
2.051898635764141388e-01
1.910527614421917153e-01
-2.651796200873856105e-02
2.522720593168087388e-01
2.117669400950492331e-01
-3.289208319658233348e-01
-1.150615458088464355e-01
1.448559385913152087e-01
2.402192658298387198e-02
1.360182927334041003e-01
1.115885213913032498e-01
7.744167258891071492e-03
-1.542745376256822887e-03
-6.669496479807288103e-02
-2.178817168847774488e-01
8.438777348619759533e-02
3.835374339244935343e-02
4.956106687696828356e-02
-9.355961004447403695e-02
4.990315321092329837e-02
-2.661273896304462983e-01
-2.480932655305083737e-02
1.063216978160111958e-01
1.390710664932450491e-01
3.120623246262290706e-01
1.050579505955911430e-01
-4.287527565736018453e-02
-7.288225450051336041e-02
1.856258912680165130e-01
-1.727518388129094529e-01
-3.131453416960846420e-02
-7.082648180101327497e-03
1.726310402044111680e-01
-2.115201069271314127e-01
-2.867938175517817725e-02
-5.418301513786017570e-02
7.670544845836484681e-03
-6.919495849395533582e-02
2.100985156721987268e-01
1.850261470891783611e-01
1.109866656260295736e-01
1.635073032011288008e-01
2.322892876650846372e-01
1.508471058226253936e-01
-2.357554670774472116e-01
-2.212772767567257048e-01
6.913887108209092192e-02
-2.984292121738730263e-01
1.633205072634942023e-01
-2.904070464035032884e-02
1.045142392615090732e-01
2.131449026596230617e-02
6.172322251479554073e-02
-1.134229805862205648e-01
1.966639479245143596e-01
-1.511732817507590310e-01
1.422438098306787668e-03
-2.343218403420621598e-01
-8.084506184664024941e-04
-1.274936592826590546e-02
-2.516405201558150062e-01
-3.077282596629546396e-01
2.292186110060190629e-01
1.424705571538663340e-01
2.643095162983312707e-01
2.096133147570161843e-03
3.111411645379643653e-01
2.668780744093552371e-01
-2.482918470509039299e-02
-3.891178546088266965e-02
1.984913958000598944e-01
5.311103796134933330e-02
7.859049113484477267e-02
1.937507571971816556e-01
6.382274745728072629e-02
-9.845920495864522726e-02
1.989952881700516041e-01
-5.132628387977537787e-02
3.229894149054965066e-03
-1.375496814000359835e-01
3.204115073176624917e-01
7.805970429834330204e-02
-2.742135985259525066e-02
-5.494036242387431018e-02
-2.175929461508858964e-02
-1.498693621488443872e-01
2.564923955419762258e-01
1.822387955819439742e-01
2.547681569469262969e-02
-7.669214992745633508e-02
-7.860282058660628124e-02
-9.738140065472128404e-02
-6.897041514870802525e-02
-6.075347286152758125e-02
8.159535147152467693e-02
4.137938786108120298e-02
9.415321119390640536e-02
4.844690579745013215e-02
1.894574816093304304e-01
-7.584628590803731141e-02
-8.191035546947371404e-02
-6.918592685248518837e-02
-8.333876704204357111e-02
-2.106134085237943154e-01
6.035705048534020269e-03
2.201430917706920926e-02
1.155480764671758809e-01
1.565571351780363496e-02
-1.999784841301742722e-01
-6.380672386829208675e-02
-1.614047256152332521e-01
-8.130761876109759978e-02
-1.776588641054920592e-01
-8.727688873347361209e-02
-2.505242428222632586e-02
-2.746645094205961701e-01
-1.708942660709032169e-01
7.199940307759157554e-02
-2.382275104019819512e-01
1.841259635522813076e-01
2.332583189075184138e-01
9.487008110056241450e-02
2.125298180609191401e-01
6.832395043602915163e-02
-1.119644333222787752e-01
-3.535008617059154368e-01
-5.545384421156823035e-02
1.054520976147741290e-01
-1.099331540027560783e-01
-2.730111047648144385e-01
-4.786140043807927263e-02
-1.921572240666792053e-01
-1.929299339984114625e-01
-4.907293186803079327e-02
5.098305019315498877e-04
-2.155253713020710837e-01
8.928124394488287652e-02
-1.002098949709179648e-01
2.669169784046778252e-02
-1.578010076976721632e-01
-1.186846114711309352e-01
-3.121960791661387152e-02
-5.027410426831384338e-02
-7.673912615172824581e-02
-1.113718428618816619e-01
1.530090385105132289e-01
2.906343320686740062e-01
1.899572066949261478e-02
-3.360170497440184145e-01
1.036508363443804960e-02
9.422671722160529117e-02
4.328931104632653681e-02
-2.592487235242404639e-02
1.904963717860636285e-01
-2.076941868521535450e-01
2.069842340360985022e-01
4.876055371383986731e-02
1.766495912996254858e-02
-2.134279182514727258e-01
5.433653599735300405e-02
-9.521910480923187481e-02
1.868700895087748726e-01
-1.727641319276803367e-01
-1.510041425599377152e-01
2.469900216409867677e-02
-2.969136159384722085e-02
4.197060608366024077e-04
1.069781784469534675e-01
2.939378536263688169e-01
-2.857007397607720933e-01
-7.036357796719298896e-02
-2.510708597369695413e-02
1.793648291336551737e-01
-1.284589614993804640e-01
-2.217198951076348734e-01
-2.968450326826825580e-02
2.058337584356466909e-01
-2.572636611089592074e-01
-1.462536106518879386e-01
-1.960012197693323799e-01
-9.932147221581785757e-02
2.546477556734420000e-01
3.266927837083492825e-02
-1.686763455300286374e-01
1.830010621062031287e-02
3.346780897004742600e-02
-2.268463422255394546e-01
-2.586854719895214649e-01
-9.782034073159306953e-02
3.655124625499740071e-02
3.091726354174730018e-02
-2.473584820147560134e-02
-2.268975203657589562e-02
-1.352491325505721792e-02
-5.554014812326834617e-03
-1.133597220522911120e-01
-1.728100004651632049e-01
-3.089031865868320167e-02
-9.402585926245357606e-02
3.330090820426907794e-02
-1.160680407197453301e-01
-4.853604148771131083e-02
1.377972788052045094e-01
1.016784502085864433e-01
1.408458302746729562e-01
-2.106071835244253676e-01
-2.492331186629773848e-02
-8.086156586474840813e-02
1.723014852200841288e-02
-8.434836142102306727e-03
-1.051954541735869997e-01
3.099979109325820201e-02
-3.886934818206728981e-02
-2.338368333738153615e-01
-2.843834857021345086e-01
3.736449316136064014e-01
6.363689587889465905e-03
-1.913599824961933205e-01
-5.423819891899607504e-02
-1.605173954604027231e-01
9.036449567730507615e-02
-1.016711860381089849e-01
3.618211696450216452e-01
-1.533232632797437885e-02
4.305444001450291214e-02
-1.752432652941759705e-01
5.603222878553103248e-02
-1.390697805407772603e-01
2.116043287729980071e-01
-7.941088981808014369e-02
-7.246000948637940087e-02
-2.916059010344265040e-02
-2.685715976329692833e-01
-1.254138111565043789e-01
5.578910719912869715e-02
3.211755562181473622e-01
-2.512810552875394121e-01
-1.481846049152734934e-01
3.235162896930349197e-01
6.811800684460547761e-02
-1.408696118451981394e-01
2.143876178171977565e-01
-2.739727419549262480e-02
7.593347430773321471e-02
3.279548315250768037e-02
-2.726374249868853683e-01
-2.023630367602607602e-02
-2.392517276108857560e-01
-2.127775902617572851e-02
-1.192717521472235892e-01
1.652672169193272200e-01
-1.387946859015073975e-01
-2.606189902299178018e-01
-2.549438034792832486e-01
-1.010700059561259190e-01
-1.858101533845789577e-01
2.675928917493275438e-02
1.958338109574054853e-01
-5.375056420563936038e-02
-6.688544413153084400e-02
-2.791876591614440017e-01
2.649765143502930131e-01
-3.443154453647353369e-02
1.876105546833373439e-01
-2.134459554363359740e-02
2.979279668414468174e-02
-2.777360523095767642e-01
1.152007983992525270e-01
-1.979410714855380227e-01
-5.847702726690749697e-02
3.007983934004293536e-01
-2.651719130251696255e-01
-2.554633870264534368e-01
-8.053869250282286174e-02
-1.936554374847068716e-01
1.566710822429998040e-01
-1.190974380285647477e-01
2.405589941184417824e-01
-2.247434252226990503e-01
2.275537964005806268e-01
3.860709114340659526e-02
-2.752513279279177327e-01
2.884467871107379913e-02
1.457426240793803784e-01
2.572235608081602232e-01
-7.737456843216672028e-03
1.987072357242979370e-01
-1.450443785342020453e-01
-3.310249329477724101e-01
2.058217720548859708e-01
4.243141209205933961e-01
-1.024595635233652297e-01
1.078150964581088556e-01
2.363616025751927030e-01
-1.890609981887662605e-01
-2.196400970202032621e-01
-2.412988616052510749e-01
-2.656820975082704525e-02
-2.661479523376919856e-02
-3.166755693914780623e-01
-2.547469367498712001e-01
-1.029791742820113654e-01
3.048135796979452583e-01
3.592212611751068041e-02
-4.886631794839581266e-02
-9.737217035440670632e-02
1.523310299060988138e-01
2.380611005430065819e-01
-1.663435030682369198e-01
-1.743174029325562924e-01
1.767780883262036751e-01
-2.113471487112615066e-01
-2.316844398261556637e-01
-8.906831593766007318e-03
5.572203670270110820e-02
8.676266685616688956e-02
-9.557599403344949063e-02
1.239006607664477067e-01
1.850207584330813837e-01
-1.286715068096843106e-01
-8.325422245191049786e-02
-3.784792490851113245e-01
6.882269218316786064e-02
1.255270430296963058e-01
-1.322339691500203258e-02
-3.765339031009185683e-02
6.466704246967765191e-02
7.453460902731799675e-02
-1.219827188910637267e-01
-3.524333053900947088e-01
1.554711368486885181e-01
-1.453908215905410674e-02
2.702267426452507060e-01
-1.770361591489129638e-01
1.105898273287759942e-01
2.066880580635327702e-01
-2.871232975129014986e-01
7.913258314983878661e-02
1.012008425149175245e-01
-1.693040178020305264e-01
7.227454926271938140e-02
1.983987112289267996e-01
1.220080504544026473e-02
2.209111475716098172e-01
1.548094747194818377e-01
-6.499003949151756221e-02
-1.061059034706736265e-01
4.957884917949229725e-02
4.017361708139469134e-02
4.919162670490613565e-02
-1.838166538044474774e-01
-1.797725237067065718e-01
3.380990141380698644e-01
1.269190341611512174e-01
-1.436008668190181525e-01
-7.592633955627334230e-02
1.632890772174190319e-01
5.059421133519319963e-02
2.335940570769983737e-01
-1.265003555527038914e-01
1.571935660152387615e-01
1.092570412185544203e-02
-3.608278860446206132e-02
-7.405127364572160198e-02
-3.736786255244702731e-02
-2.189271828370449591e-01
-1.716698744773191010e-01
1.238859269096568849e-01
-9.758857464010498028e-02
2.407233666574701836e-01
1.351680843669836873e-01
-3.746716952988674715e-02
-1.086491271096396566e-01
3.819668554307776437e-02
1.277387558074105645e-01
-3.307176449594299156e-02
9.961637455044768108e-03
-8.715123825651202583e-02
-9.689791732317391826e-02
2.550910379721003096e-01
-4.665173456541573532e-02
2.867026182841983170e-02
1.179843410373220339e-02
6.436277184094311987e-02
2.620473328821194547e-01
-2.076506272437216583e-01
3.214109194511265977e-01
1.912405012760256540e-01
-3.774512284863316691e-01
-1.774838104574889552e-01
-4.260481126054164319e-02
1.312339604996664577e-01
-4.181544466545414340e-02
-1.274415648416436231e-01
-3.336346199781219102e-02
1.258304383735975307e-01
-1.384598345370945949e-01
2.451044445348265002e-02
-1.746452954563497140e-01
-1.276175381404606735e-01
-1.686037385742255035e-01
-1.861115452409043691e-01
-3.199163951654020455e-01
2.776665114813685054e-01
-9.620228945421147385e-03
3.811417610841215664e-01
2.461887671197339825e-02
1.419710315451165883e-01
9.255994190738322733e-03
2.125360670757332204e-01
4.666499495804038444e-02
-3.041805943202579021e-01
1.301851046158544190e-01
-1.182001566589938879e-01
7.289466206052812314e-02
-2.421581934290105986e-01
1.752307397325963134e-01
-1.403895754574201703e-02
6.757706757197017022e-02
5.881635437210768619e-02
-2.751914713221398912e-01
-2.339864885903605168e-02
-1.380150396357761045e-01
-5.806354517477432808e-02
3.040373653000024157e-01
-2.414547011313058766e-01
-9.291878878710856104e-02
8.567859142062557443e-02
-7.715208995884659249e-02
-1.333734966465105753e-01
-1.074563684008158770e-01
2.242482599950160194e-01
1.225298134277140599e-01
2.717129870275939441e-01
2.540543670942126964e-01
1.072773623733882936e-01
2.290198397618466164e-02
8.724703671276061445e-02
-3.209673362125631951e-02
-2.815009918421496060e-02
2.583098020284928242e-02
-1.409244264884051689e-01
1.338339345119511636e-01
1.778758361158917223e-01
-7.838919993749930704e-02
-2.372162646543116427e-01
-6.859275323290482673e-02
-3.564238811306483234e-02
4.218916947205705176e-02
4.331657882009466026e-02
-6.980181403605356660e-02
1.210821586212462303e-01
3.737647509325981998e-01
9.129137327694946541e-03
3.329264914626626770e-01
5.852435576567999176e-02
5.528822146754322486e-02
1.491612180528109899e-01
-1.434718277455638569e-01
1.354600497699518791e-01
-1.200816795578842598e-02
-4.799101082811742247e-02
1.774711019999202499e-01
-1.632532039110868582e-01
8.188958148782966850e-02
2.123488088520959771e-01
-2.867850084230186836e-01
-9.440911163174392495e-02
-6.457269106857073393e-02
1.273951057218341842e-01
1.325366679626466537e-01
-6.512592422014125415e-02
1.856512100787941766e-01
1.174426808321444443e-01
-2.497853585782097707e-01
2.093798304770520258e-01
-3.285394517226730010e-02
-5.632598844136769284e-02
-1.045149801759398950e-01
2.468105018154755775e-02
2.812805884286927460e-01
6.719884287462458972e-02
-1.622693137507169869e-01
-1.194762945107545049e-01
1.793451045054529902e-01
2.418238420657080612e-01
2.742728425564839104e-02
2.044355661896311571e-01
7.698135272006920160e-02
-9.443822825966308177e-02
-9.109764136433057269e-02
-8.316116090509861891e-02
1.416713172052564973e-01
1.595814159844755886e-01
9.313228266861117710e-02
1.777368427381235405e-01
2.029383075739231157e-01
-2.831707024096034031e-01
-1.260547852741504028e-02
1.064014479799584301e-01
4.541119425809557464e-02
1.008174779190434966e-01
3.373104212983218941e-01
1.547163759583988218e-01
-8.570857163291566161e-02
-5.764923006539526135e-02
1.082966005837240481e-01
-2.920443561421435241e-01
-7.925863511208301737e-02
-1.728722557493387324e-01
-1.879838144583791393e-01
1.330248491607311997e-02
1.127739585740103745e-01
-1.246594555138171301e-01
-5.775551328403890489e-02
-5.840181752657352260e-02
3.282366354355314986e-01
-1.170719693746230805e-01
9.803291208319042660e-02
8.532312497018501585e-02
7.254407913871657732e-02
-2.559568485898494061e-01
2.213952131332263817e-01
-5.507745826119102295e-02
3.360032651857081665e-01
1.549576094925601277e-01
-5.107629000739858510e-02
-1.313069879452039568e-01
-2.191668928664253224e-01
3.267087234650840610e-01
-1.939782239541616715e-01
2.157858621653812869e-01
-6.748303512747173827e-02
-1.692242135563056249e-01
8.999377288673544861e-02
1.125470678378566736e-01
1.054448177742356302e-01
-1.181928646164816521e-01
2.638214774677509755e-01
-2.346302157732353399e-01
-1.828841853349326974e-01
2.129036524231445460e-01
-1.634961704141170702e-01
1.289027189461686984e-01
-2.215339757366220352e-01
-1.648591629632130962e-01
-2.898743959003063919e-01
-1.373086752549184109e-01
1.337050593373457497e-01
-2.006607568104275541e-01
5.899311497778678831e-02
1.297199663621260157e-01
1.425531203270118119e-01
-5.787756599795960966e-02
2.147114635895316925e-02
9.905387861096509594e-02
-5.115689800698018652e-02
2.056283769580779242e-01
-6.551642522588889406e-02
3.315335928539016493e-03
-3.579445664552471928e-01
-1.881275422640993344e-02
-5.671729504025282281e-02
2.832454153924381934e-01
-4.392969362101559194e-02
-5.563629613254547635e-02
5.171067516539404677e-03
-4.807255908816239487e-02
-1.349046723539878978e-01
3.386395725289331748e-02
-7.309774967442378424e-02
-2.742539791975234786e-01
6.702893248485040922e-02
-4.274008588865834540e-02
-1.666265397500503453e-01
2.862550604172711122e-01
1.002100367796953523e-01
-2.580759537906449075e-01
6.171434227651047266e-02
-3.692391792413573515e-01
-1.525935831010088173e-01
3.263608703144579293e-01
1.414856388637607820e-01
-2.085450371314603035e-01
7.953251871317264590e-03
-1.265149647384880005e-01
-1.297876109236643927e-01
1.379568008070914953e-01
6.529022139945913142e-03
-1.755643473358162177e-01
7.611469438209902960e-02
1.649846131709933328e-01
-6.090879622427641110e-03
-1.183466420921256562e-01
1.183993004001683141e-01
3.162447483697961026e-01
1.632740839024322266e-01
6.814817620303152690e-02
4.375538657289036043e-02
-1.300376541005587167e-02
9.512447644809877978e-02
2.928413639419995274e-02
-1.430414894155640215e-01
-1.528750332495603381e-01
4.054947492699029904e-02
3.904802352328808242e-03
2.670510601946849971e-01
1.569136320565036602e-01
6.131825521970622056e-02
1.824502315887987502e-01
2.480848461076045480e-02
1.359417140529383707e-02
2.892692405543306200e-01
-1.709811027713038500e-01
1.302981137042369224e-02
1.504577408755985723e-01
1.418640872655286232e-02
-7.369048156480377532e-02
-3.033466380842353427e-01
2.462914736575854413e-01
1.067650546037063469e-01
-2.726815167721207689e-01
7.530243959466507986e-02
2.744893396223577753e-01
-3.049500868741583312e-02
-5.766580198755644898e-02
-3.533019899724694768e-01
7.319320138916865504e-02
-1.825327717808298070e-02
-2.193607463840074323e-01
2.309352052518809650e-01
-2.266516587560155754e-02
1.544282246780319563e-02
3.769192651009321826e-02
1.069207794050261867e-01
-1.283517164376831998e-01
-8.752877184678130307e-02
3.334410703689490163e-02
1.417879105787127336e-01
-2.380538931429068417e-01
1.717655650308870519e-01
-2.788143385698043167e-02
-1.932450501742272730e-01
4.814943714493007815e-02
9.137659596869013301e-02
8.168174251873289160e-02
-3.471464258760851435e-02
-1.387881274434017709e-02
-1.613780831890273548e-01
1.998832192109945560e-01
-1.581792023760715260e-01
1.836835045357493590e-01
8.987844955573361105e-02
-2.529122489730063414e-02
1.933377936808275133e-01
1.282430884788748199e-02
-1.501820027575202776e-01
2.480427450533448930e-01
-1.244593160877450477e-01
8.900364906127418430e-02
-9.105300581090045031e-02
8.296438919775599163e-02
-2.012132432644184732e-01
1.908549197444143475e-01
2.934322430303059129e-02
-1.452177951071119411e-01
5.067517715874770429e-02
1.783570143582170059e-02
-1.650334047933519621e-01
-6.571360463307598931e-02
-1.400532279957237836e-01
-1.126729599498667855e-01
1.470611707057120632e-01
2.075512916372651284e-01
1.677996817305102417e-01
4.093392292254106196e-02
1.828459836117787563e-01
2.753920781215410396e-02
1.008421243019743813e-01
1.531912648389728293e-01
1.372861844594314429e-01
-1.620698554338050879e-01
1.747524766538784136e-02
1.119474505908474166e-01
-7.617264574470115901e-02
-6.628922336497458656e-02
1.598103718940625806e-01
-4.963126839531886020e-02
-7.752974240983374898e-02
2.219104366487110319e-02
-2.841138892242356939e-01
-1.413732453291330071e-01
-1.244651293173254236e-01
-2.000055865488051809e-01
1.595956830171376128e-01
-1.903260003733298067e-01
2.190153979680579122e-01
1.770872171052286781e-01
-2.984532972900643122e-01
-4.602891832359395918e-02
-7.525665195556797971e-02
2.012390042204155460e-01
9.862495247415321853e-02
1.263757871113922043e-02
-2.469135097683142765e-01
1.436949554401153184e-01
-2.382702423311207351e-01
8.751097581033383255e-02
2.417062768657302421e-02
6.984844578796763070e-02
2.295285229231174007e-01
-1.408307652854910164e-01
2.243379324175855116e-01
-2.144750255923933979e-01
2.321903490659306957e-01
1.085934400920744725e-01
2.472139552882029467e-01
-1.900894274789426868e-03
1.262429599251910506e-01
-1.260153885392011341e-01
7.215918018763245456e-02
-9.439616764247345249e-02
5.976881815446500115e-03
2.200197786025150648e-01
-3.060671705659639974e-01
-4.539595151668614215e-02
-2.045398404747833521e-01
3.840046873576813402e-02
-1.185958260767853711e-01
6.939395794475848589e-02
-2.922084555316432630e-01
-2.139892344921988376e-01
7.610678877340594506e-02
6.404186313992174528e-02
6.019383777979248062e-02
-3.778418609923241828e-02
1.533625089498681926e-01
-2.238153096740611581e-01
-1.270794437313237379e-01
1.488621554522109314e-01
3.826043681976314115e-02
-2.107785884200540361e-01
5.440537005076166721e-02
-3.720082718296337937e-02
7.350797000630536482e-02
6.346390882513999743e-02
5.967411355688787694e-02
2.132547542021715481e-01
2.278077244844123328e-01
1.056329018305356970e-01
-1.777918109961102444e-01
-2.296135701419760033e-01
-9.158245615728675959e-02
4.523610349575213352e-02
-2.828089566820136125e-01
-2.143398100486422209e-01
-7.122268810851795084e-02
2.090101633320172181e-01
1.698876488673138618e-01
2.254972626090265969e-02
-7.920159268274266917e-03
-6.482496992786587753e-02
2.122614921482554040e-01
-2.564604248800947950e-01
8.401438167968049153e-02
-2.400356365366823341e-01
-2.115791992988066972e-01
-9.112370946686981776e-02
2.165033356675745702e-01
-2.761048735835110457e-01
2.463367595742126104e-02
3.458444948692903642e-01
-1.816508280613094717e-01
8.269030343699652896e-02
-2.097428160216987733e-02
1.851223688035562309e-01
-2.949283434455568162e-02
-2.517603190887131026e-01
1.547422268830324632e-01
2.085729637057981978e-01
2.050267674667168860e-01
-5.782860106278742661e-03
-4.578137333581309976e-02
1.076317837394660248e-01
-1.100188578372839066e-01
1.136145750837775359e-01
-8.959698081783669388e-02
-1.204471927846792467e-01
-5.171924368002214778e-02
-4.669609968614979456e-02
-1.463974389533954645e-01
7.730262968294487891e-02
-1.387255933366051963e-01
-3.284641754742894659e-01
-8.220459652381581495e-02
-5.511317612119676079e-02
2.007496575305103281e-01
2.259441314239894194e-01
-7.157773085099224109e-02
-1.330705324369695908e-01
9.469700641226812265e-02
6.893282048009995167e-02
-3.507722779393721707e-02
-1.751525967739261114e-01
-1.205546066010619727e-01
-1.318504194282364983e-01
-1.221339243935341545e-01
1.152716015707884040e-01
1.982533284240892701e-01
-2.341404079624732348e-01
-4.839089827076510641e-02
1.354566202433338806e-01
-2.066685932198049636e-01
-1.269200012197971468e-02
-5.225452548421643389e-02
-2.320112585193102872e-01
-1.166193717665455903e-01
1.038887582310541180e-01
2.326973105727158375e-01
1.382922855919147820e-01
-1.079704632535718883e-01
-2.794778507790954833e-04
4.751089794398693361e-02
1.614254191817712444e-02
1.266074758465801989e-02
-8.912350796806735309e-02
-7.524640813573178766e-02
6.139829259706650055e-02
-4.288202074792415303e-02
-1.388989515675747022e-01
3.361068523426821164e-01
-1.810059341000032074e-01
-2.949039228301274518e-01
7.229116379318027696e-02
-3.703585188356200986e-02
1.316168672546222662e-01
1.594039083475654595e-01
-2.705478451250610192e-02
-4.976758911483139536e-02
-1.853190809841481490e-01
1.876044123821498100e-01
-2.606671635059472705e-02
2.094863029377820041e-01
-1.969193535579606691e-01
2.937909787315785559e-01
3.200961198950333930e-01
9.492601804415395916e-02
-4.429585659061343467e-02
2.828773361104565121e-01
-8.065351663506491187e-02
-9.341328841691448615e-02
-1.347003931679137123e-01
-1.212773605146508227e-01
9.055871539096965739e-02
-2.783986284217167539e-01
2.220809695450272903e-01
2.617136853436529687e-01
-2.878040114552366524e-01
1.018477677728491099e-01
3.367604278346364444e-01
1.658434826529614214e-01
3.385880441741001556e-02
1.806743894603246026e-01
1.022427364011736228e-01
-8.148163977838941696e-02
3.148292496663265272e-01
1.900471212259080278e-01
-8.814600193975956344e-02
-2.558295086410221630e-01
-5.198504100359317703e-02
9.156084205316250557e-02
8.522842034053196292e-02
1.793056652768021397e-01
1.012508024589116040e-01
1.730073632980564102e-01
-1.666956609028336089e-02
-1.388134382471240685e-02
-1.966801362131449515e-01
1.514061940654196636e-01
1.811326860218201718e-01
1.400624505995426983e-01
-4.985323839328124201e-02
-1.152802012660591596e-01
1.974038628291959474e-01
-3.268488374649031192e-01
-3.248323698999281417e-01
-1.339654904323167028e-01
-3.256733797086477367e-01
-1.041551301065815616e-02
1.018492783291923554e-01
-1.355992645453824585e-01
1.907314766710709042e-01
3.573761489999373042e-01
-2.951841413018931881e-01
-6.283015445010749211e-02
1.254987248817193146e-01
1.738729346649044438e-01
-1.302884327443208090e-01
1.874525225169071385e-02
1.900958748550188662e-02
-2.941793076546420638e-01
9.499710096319217978e-02
1.828550483061106360e-02
-2.217986339044059757e-02
-1.975078288056429376e-01
5.511769868537596401e-02
-7.454842970803315927e-02
-3.340284829708297654e-01
4.747915575715905973e-02
1.917146291086865850e-01
1.817133255444988368e-02
-5.783558740310420013e-03
-2.604038845938901336e-01
1.494881248203318302e-02
-1.315045946225127382e-01
-5.008670829536154834e-03
-6.117357219107722593e-02
-2.142823663120251021e-01
1.984217483830512385e-01
-6.561604414434737964e-02
-2.860073274759993844e-01
-2.196216724880898363e-01
-3.322171941879515922e-01
-4.528914056375698584e-03
9.398139499735064240e-02
1.445538516875594925e-01
-1.709198194074373622e-01
-1.700661333056573132e-01
-2.068610742474497888e-01
-1.312351753497156548e-01
-6.673960299099518378e-02
-2.198841367757552179e-01
-3.129659999536367199e-01
8.262037037620161006e-02
-2.884457975482558334e-01
-9.673354372939038659e-02
6.202568657909027228e-02
1.684312871563743153e-01
1.192154611874199216e-01
-2.838946187761600126e-01
5.459694735462199827e-02
1.699789186566544041e-01
-1.893531439923530901e-01
6.202066421647010191e-02
-3.137834563515766451e-02
7.452330786959235343e-02
1.176136413422252669e-01
4.092972580191507614e-02
-1.691116061851953567e-01
-1.172130477905738294e-01
7.736732473932401988e-02
1.710375065063728384e-01
2.867421872816767678e-02
1.017742174927398352e-01
-1.574435039411304915e-01
-1.566924850220113852e-01
-5.548273990457305155e-02
-7.382553057681286168e-02
-1.679034620172949188e-01
-1.432065078811642182e-02
-3.159526327491499198e-02
5.706385911626363910e-02
-1.551143221351886266e-02
