# GABRA4
-1.567392779747426301e-01
3.116392333748651544e-01
-1.278343084089256232e-01
-2.576039403478399062e-02
3.347644299148823388e-02
-1.749174666401653311e-01
-3.061235397713372151e-04
-8.329952787690599048e-02
-2.217581032159252341e-01
4.953649769588226032e-02
-2.166619067723362657e-01
-2.578221003293159619e-01
-1.619257295562116783e-01
-1.188805202175746006e-01
1.258694666979479071e-01
-2.042069896849225408e-01
7.813963729440077943e-02
-1.118056790046965399e-01
-1.121740294653642139e-01
2.253175559331341560e-01
1.265201607800041025e-02
-9.959090339873440112e-02
-1.403046488694331129e-01
-1.448883385107295474e-01
-1.174783969438696618e-01
9.161361722651317763e-02
-1.967253262512266287e-01
-6.260414191729173072e-02
2.492707914495260746e-01
1.050290335978957268e-01
-1.433945844821823690e-01
-8.165990510280854431e-02
-8.735770365529573964e-03
-1.756615418634552561e-01
-3.738040334447773755e-02
-1.296050006080247119e-01
1.925201399169772232e-01
1.104930574241099472e-01
-2.210779144352626180e-01
-3.322950587160580088e-02
-1.465911150095041970e-01
-1.084550886200326691e-01
-1.675109008654519227e-01
6.638824842784386317e-03
-5.039099734636423578e-02
-1.324850366038862193e-01
1.644320933243775540e-01
-2.262011094799924391e-02
-4.280080471921433177e-02
-3.134321054025007020e-02
-1.757347644695035072e-01
-2.875948455104415102e-01
-2.464737570868221483e-01
2.629433768424912013e-02
2.651005228790055401e-01
-1.651466831383308909e-01
1.741065988398054001e-02
-1.903946737462912930e-01
2.196190027575586345e-01
2.326921889521309517e-01
1.557168048244819414e-01
-1.730457621758763886e-01
-9.760180028294075660e-02
2.369399475392531262e-01
-1.125096781498457488e-01
1.294199901114793105e-01
1.097348273289696918e-01
2.948385770704439746e-01
5.854747316533809309e-02
8.743979519355768448e-02
2.454980656274770301e-02
6.480859307640753075e-02
-8.482470515313952908e-02
1.576691976093858860e-01
-5.941933585006931723e-02
8.069381983329301788e-02
1.065781543980891533e-01
-1.178239620007128508e-01
-2.661920044624081494e-01
6.115551320318379086e-02
6.988854085060357268e-02
-2.182574399182110048e-01
2.513564693451821735e-02
7.059077007453924690e-02
3.286079700428438666e-01
9.591295865759416617e-02
-4.856892834790240560e-02
-2.300363518448306221e-01
-2.013035576860011666e-02
-7.142722437408853542e-02
-3.574938786730324364e-02
-3.585617988177998428e-02
-2.816744055459215884e-02
4.852721163752433953e-02
-5.868522007174997723e-02
1.255025899010532575e-01
-1.842223697886992417e-01
-3.230472164835559296e-02
2.953840354107077903e-01
-2.942673372465385434e-02
2.914495861010505950e-01
-9.067723728995481791e-02
-6.320946695539815530e-02
-7.006771732482600101e-02
-1.385095753218066328e-01
-8.814545663696837785e-02
2.190791645385650188e-01
1.301414462613479095e-01
2.550973311439106994e-01
1.517277317967367922e-01
-1.058477179917755029e-01
1.765101015805424223e-01
-5.791239063969137735e-02
3.035346854401602470e-02
2.166157831562120703e-02
-1.297106362702088178e-01
1.490146513168631170e-01
-2.347335646791797181e-01
2.739193685043179727e-01
2.205554403826444909e-01
-1.094317073178522060e-01
1.656529478746748092e-03
2.557594068125723652e-01
-1.110393000799957987e-02
-7.529137500066360178e-02
-1.345048648604302843e-01
7.409739156125209891e-02
-1.585392260606142689e-01
2.416307511310970130e-02
-2.035815980959559957e-01
-2.608107724708082914e-02
-1.013840197255287817e-01
-1.124285367403224933e-01
-5.982362892174994395e-02
-3.683715375686709426e-02
-1.507354439059938045e-02
6.580524211054566974e-03
-1.164161664152335851e-01
3.327879523990348032e-01
2.916267303112606291e-01
-1.706449612384463854e-01
2.112809200883224992e-01
8.411271542891644859e-02
1.236203733165283508e-01
-2.334357813285932726e-01
-7.925496413819335673e-02
-5.795930451644008830e-02
-2.497989836528686017e-02
-6.913901609547414007e-02
2.539863616259747658e-01
1.538304181194068143e-01
3.029695632451496756e-01
-2.778179726485952572e-01
4.288950406250579411e-02
-3.869592704612044576e-02
-5.053576266677461959e-02
1.861426080726073240e-01
4.466200957268228605e-02
-1.004375645333692446e-01
3.943846080877731475e-01
7.823760390580827145e-03
6.440759622864475342e-02
2.823930145033586303e-01
2.183065693613066294e-01
-3.085546456980413632e-01
-6.873753266258174344e-02
1.714390956455894566e-01
-2.383667665940482072e-01
1.231083792716406028e-01
7.347196079557105630e-02
-1.134610547891177629e-01
-2.484187096561621400e-01
-6.004657713121490381e-02
-1.762179954037150151e-02
1.685676077713813281e-01
-2.133874323002978024e-01
-1.082367530853084042e-01
-1.127654516900721687e-01
-2.028859882123238145e-01
3.571253079618431081e-01
-7.017420003238987458e-02
-2.674904928670946980e-01
3.167452043344980150e-02
2.553783554076319295e-01
2.578602558562385627e-01
4.121364868370374496e-02
-9.543035482829712035e-02
-3.398656895665796984e-01
-1.292203869511574787e-01
-2.694393414537861742e-01
-1.104878427305395067e-01
6.339091566758886520e-02
1.261643844425580918e-01
1.689933744859344888e-01
-1.125239870670063057e-02
-1.523253322308782132e-01
1.004463527620086810e-01
1.727154265743022221e-01
-2.234284543206327134e-01
-1.341175876335422845e-01
-9.133687856037997488e-02
-8.392220026883416562e-02
6.255246102620402870e-02
-5.861992941453850192e-02
9.595960755289960342e-02
2.557375929171129547e-01
2.234350751512175284e-02
-2.152508562316398921e-01
1.932304773260930808e-01
-1.812016479453690265e-01
3.876063009237395995e-01
5.164845524768790080e-02
-3.138860739536220579e-01
2.639340001533221347e-01
-1.977497953145281595e-01
4.504386898272810108e-02
2.394657058014077744e-01
-1.019644261143545956e-02
-1.562118455704928077e-01
-1.699795960150636553e-01
2.127359097252891629e-01
3.637394109316356983e-01
2.735575252020859827e-01
-3.477087906519124322e-03
6.792266215728166856e-02
1.053087445060366806e-01
1.822397663237559917e-01
-2.054050600904679391e-01
3.569179286812080298e-01
8.827981558545229535e-02
3.295310901218326816e-01
2.108572255296683184e-01
-8.618297928316433210e-02
-1.022236487203325717e-01
2.272425970747721513e-01
1.789327474287173703e-01
9.812448003608799374e-02
-1.528211841025162165e-01
3.016920931131262251e-01
-2.027714572209005361e-01
2.949699731136211645e-01
-1.964041311084255004e-01
-4.684187556087892994e-03
-2.572759223198413658e-01
-2.513071650718673444e-01
-2.270769724637407283e-01
1.425689077822124284e-01
9.260945963333648556e-02
-1.154360804276388236e-01
6.374794574506716105e-02
-1.772300898317162310e-01
-2.582460135902576726e-01
5.501142752623990051e-02
-1.479290754506089878e-01
-1.592816326901088375e-01
1.663268645562788473e-01
1.833225191544038679e-01
2.609832401980369254e-01
-2.715280593505482454e-01
1.008281582588365644e-01
4.643230564535436727e-02
1.105564909204760915e-01
-2.407522874755350650e-01
2.450569669858459337e-02
-2.512266607055392842e-01
1.769093724165007597e-01
-3.834320987886517124e-02
-1.107628944261443288e-01
1.087854967532830008e-01
1.191317937709446551e-01
3.159641925478411384e-01
-9.474780198312010571e-02
-9.891331723360530237e-02
5.214821345199360109e-02
-9.253207062007077696e-03
-8.755618945114354568e-02
3.333075170624699157e-01
1.956052708148884045e-01
-1.750784768926804680e-01
-2.011878144040732831e-03
-1.122973737312446124e-01
1.674968025039973718e-01
-1.502199118140052914e-01
-1.606359941831763949e-01
3.465303577994062190e-01
3.993416634030342444e-02
-1.968376164791461880e-02
-4.661326519851752975e-02
-3.044569274288616567e-01
1.496899410965752131e-01
1.776377570418132268e-01
1.604601247794837926e-01
-1.851181635455283747e-01
-1.547781429220135840e-01
-8.314897261199982736e-02
-2.092202949694805802e-01
-3.164511256766306957e-01
2.196743636992114779e-01
2.374205027345536317e-02
8.158333133658617065e-02
2.901001708975858850e-01
-3.590372418769710583e-02
-2.482212965636035329e-01
1.672094832428681066e-01
1.786444125434523689e-01
3.879350141775552152e-01
1.402063936797086352e-01
-5.838880219187992521e-02
-4.660014449319031110e-02
1.247997419258500412e-01
7.753920924438303941e-02
9.124455691432447821e-03
2.962654764509145555e-02
1.232869044210418465e-02
1.984330562662078856e-01
3.229884803944909621e-01
-2.096954475033816490e-01
-1.002690457311041228e-01
-1.141978910566196215e-01
-1.748482248062638855e-01
-1.538569932968672782e-01
-9.103266225203898721e-02
9.293943742053378809e-02
-5.663885233974436627e-03
7.035930367324197410e-02
6.711008613572083670e-02
7.385106070383636034e-02
1.254765092703591933e-01
6.290500076926627826e-02
-6.334872593031661003e-02
-3.767511006960651970e-02
8.321053101068136282e-02
-1.414791331817956133e-01
-8.235252667001013993e-02
-1.245844724262148984e-02
1.368014175530528065e-01
-2.840638231499951205e-01
2.535519087330223020e-01
1.934878714335618588e-01
-1.329967294748856110e-01
1.821608308883096716e-01
-7.389198680524969309e-02
5.502927756396534115e-02
-1.450147460673009980e-01
-4.305210791534624590e-03
-2.060330305679601015e-01
5.074331257425890307e-02
5.488742695199428506e-02
-1.804538137332903705e-02
-1.730298803002534580e-01
-1.841779901037055023e-01
2.314806707839332511e-01
-2.081921667093457329e-01
-1.476692972878913268e-01
-1.730867881992055879e-01
-7.818609956917822734e-02
6.429988396220698288e-02
1.933726907742951140e-01
1.608573486421523493e-02
6.041462989558153696e-02
9.521459238725864249e-02
-1.218246866485101360e-01
1.994171798364242354e-01
3.452195246130654316e-01
-1.681763108896333347e-01
-7.467478698942602022e-02
-1.476197623175411477e-01
1.612670769204291310e-01
7.390875378293243481e-02
1.932618314458693642e-01
9.139729084282843807e-02
-7.098750741432049245e-04
2.493465010111195757e-01
7.164713792677601667e-02
-7.423867398632197356e-02
-4.507925733628749543e-02
1.037574557429468136e-01
-8.348256304906241654e-02
3.366840255045323860e-02
3.298635171319024284e-01
-8.125655534975345998e-03
-9.492515295825215693e-02
1.627888340023422691e-03
-6.997563451588660610e-03
-1.110692951675194828e-02
-6.765520466859979709e-02
-1.674736931470690859e-01
2.469013273407280606e-01
2.310750812870857318e-01
-5.853066582273887958e-02
5.370212734903699603e-02
1.411429973696390512e-02
-1.057302411254670491e-02
-1.233387036027942633e-02
-7.238347267560424347e-02
1.016642101141871091e-01
-1.329531545645050994e-01
2.439582238579159346e-01
3.863988313030702892e-01
-9.946008506868135243e-03
-2.219526238298543952e-01
-2.882543849968150634e-02
-7.716234667020148430e-02
-1.033791970651071722e-02
1.352684994780656465e-02
-1.835960295109380080e-01
1.036196946491645676e-01
3.296626213271061645e-02
-8.950654414301205050e-03
-2.810452058950406173e-01
1.220986548269864524e-01
-1.010547374745674049e-01
1.795450962256324445e-01
2.885495442216095552e-01
-2.742210131384494320e-01
5.080433613530994930e-02
2.342917239446550837e-01
-2.001706036754282714e-01
2.767378775220445952e-01
2.729850300159566284e-02
2.480293932558846892e-02
1.754500615151531606e-02
-3.787947164582450288e-02
-1.010671740749804343e-01
-1.170045826952477719e-01
2.890723171469509190e-01
6.247790996959687315e-02
1.410709259871285315e-01
3.673639390682299777e-02
1.906522556492692977e-01
-8.238322258910291129e-02
4.426393266050730052e-02
1.205235132497038120e-01
4.584069327067923083e-02
-3.503125978259648970e-02
1.747979002757532596e-01
-2.564790662688175016e-01
9.615483926417846272e-02
-1.117379868733871240e-01
1.715802437769897368e-02
-4.856890476841161514e-02
5.540932326666951624e-02
4.670900605517489673e-02
2.284737444405282591e-02
-4.418670534314369375e-02
-8.534674165736726159e-02
3.034215804284396412e-01
-1.317641188911542194e-01
9.022507632508448838e-02
5.299186554231893193e-02
-1.550971680871197078e-01
2.821771854081251973e-01
5.247015907715121830e-02
-8.709181713502982258e-03
7.163233534717029088e-03
-7.226504692572442712e-02
4.780655158037699221e-02
2.692437543263138111e-01
1.617351841054652864e-02
2.770843576612362982e-02
-1.090268931606787894e-01
3.220362092414595923e-01
-1.061673182241476381e-02
-1.042229029355202785e-01
7.236682262997291837e-02
-3.616059805869126925e-02
9.239891362229070426e-02
-1.519734644221727993e-01
-1.106802107861315672e-02
2.738767619569004164e-01
7.077176376608455832e-02
-1.212057389969706384e-01
-1.014731741942711402e-01
-1.579427484940876258e-01
-1.546672295139612519e-01
2.021951175701685588e-01
2.946622298932501383e-01
3.642182372329464957e-01
1.060721251304366786e-01
6.342068441531963086e-02
2.018594853034497844e-02
1.799459921316782784e-01
2.136936505293555999e-02
-5.553325422059902927e-02
-2.332952223851915974e-01
7.824544032584923592e-02
4.059804660536777375e-03
-1.650188260001312357e-01
-1.164371515592887568e-01
-1.369239935556628152e-01
-1.404680614655886423e-02
2.638855053569316711e-01
-8.671490781402851900e-02
-1.708775030604341161e-01
6.556535490308679215e-02
2.385479328238918617e-01
2.555057490361563599e-01
-1.316091198214676405e-01
-2.641805300662417033e-01
2.163804896081422957e-01
5.740162738585941754e-02
-1.583112589439845674e-01
1.305987741676759295e-01
-2.150409897775311663e-01
3.509355736981618623e-01
8.714147787002131385e-02
2.234507503879480383e-01
8.508797053092978513e-02
-6.411007940020913010e-02
-2.300880452933390663e-01
3.504328124979368825e-02
1.165970232212781704e-01
-4.434858761068841831e-02
2.356181479970115566e-01
4.945183292827694255e-02
-2.026254258253245844e-01
5.522821451659856717e-02
-1.294794505332572121e-01
4.541731626540541043e-03
1.776280839353502894e-01
3.491677321330626249e-01
9.470199222269465311e-02
-1.444945785208544553e-01
1.649371285055584169e-01
1.598147764470142507e-01
-1.293348674551526856e-01
4.227479333556725255e-02
9.390733627270440864e-02
-2.296040226409782059e-01
-8.512629846223900010e-02
-1.033250546180686236e-01
1.389379363024793312e-01
1.579408085018516039e-02
1.613654648188732610e-01
3.303768341329083591e-01
-2.129125027916303758e-01
1.766762397169559240e-02
1.421273746830784002e-01
1.115335878553723598e-01
1.219124870678411354e-01
-6.215562032049098268e-02
2.266146618210922448e-01
-1.382835047359705638e-01
1.665990519141356263e-01
-1.759471938873637398e-01
1.082209474540865302e-01
8.378305712620048862e-03
2.233758883385602023e-01
-4.546322248476451777e-02
-1.006420895636869206e-01
1.630677597511210608e-01
-7.033979374284092534e-02
3.467418060982022793e-02
-4.609202335812884188e-02
7.395520700068374843e-03
-1.232945499865953920e-01
-8.962230949593444351e-02
6.311058637691667472e-02
-2.503963593187654713e-01
3.435534293470380446e-02
-1.188113534302654289e-01
2.572381284360424347e-01
-2.196749955175312519e-01
4.197579339133142295e-02
2.341998061167043788e-01
2.978198518645715567e-02
3.263211537006971419e-02
2.459999326297878375e-01
7.610901535818276331e-02
1.490697919173979979e-01
-1.502932932687028877e-01
-1.494374150329969564e-01
5.278163973167789014e-02
2.172987487112482963e-01
-4.763882022197013510e-02
1.387479666039228843e-01
1.113786000203375037e-01
1.766432239539260096e-01
5.736696074817625168e-02
-1.083292633694359769e-01
4.554387644675059188e-02
2.549783933787263535e-01
2.551784258258055771e-01
1.594266315771532272e-01
-8.094464221799989312e-02
-3.215702719414936014e-04
3.756329809383126411e-02
1.207741020837792834e-01
-2.232992017234348980e-02
-1.931447596427562641e-01
-2.340429290110409011e-01
2.015788766766868703e-02
-9.324376837537694251e-02
3.088904693463437323e-01
-1.081123101675486448e-01
3.669109217647154725e-02
2.853196778259760591e-01
1.222145031961210382e-01
3.958722310545732814e-02
1.139405891206120985e-01
-2.281532134736947159e-01
-9.768025166310176366e-02
-9.564099317599095845e-03
-1.234945728551605122e-02
-1.266054076569374243e-01
3.602051151527738831e-02
1.789664761098691270e-01
-6.199402857235475350e-02
-1.816005597618946532e-01
-3.902983612506621264e-02
1.644725076041543832e-01
4.589803163229796285e-02
3.243540106595279582e-01
-1.732637104691779270e-02
2.966307454977803459e-01
-2.368434330944922117e-01
1.198754457995060974e-01
2.259917008355432355e-01
-8.170430485530144615e-02
3.982647545065860079e-02
-6.934385868760564731e-03
1.862203040716397529e-01
-1.097878374130508428e-01
-2.000143514477766005e-01
-2.383461674510549064e-02
-8.563011010408146106e-02
3.350947229420314089e-01
8.093191864892038123e-02
-2.141768768911832266e-02
-2.175841575930823057e-01
4.715952360801085007e-03
-8.772011550150556058e-02
4.033545106037862704e-02
2.203799969980773099e-01
3.641882167024200201e-01
-3.317230121200328008e-01
-8.560602229608101077e-02
1.017260343323237864e-01
2.065577864732260072e-01
-2.416371755085661502e-02
4.702457797357730285e-01
-1.565823500538402191e-01
1.323504900984759647e-01
3.254511714221246521e-01
-6.270414063182228048e-02
-5.466773973136502401e-02
-2.431657969832663399e-02
-1.810288552635231918e-01
-2.677290009812582361e-01
8.235537047343313710e-02
2.352820938272237594e-01
-4.411502256753051417e-03
-1.512369362674686893e-03
2.540298216425984634e-01
-8.257649553537675657e-02
-1.139541828753561081e-01
2.147367831259754667e-01
1.954781226258058280e-01
1.087653634664286495e-01
2.764825477433020540e-01
3.128971986462051325e-01
-7.381888842915647342e-02
1.013049012662302489e-01
6.261199456089028281e-02
-6.603349081430691381e-02
2.182831521865058189e-01
-8.584303028910612865e-02
-1.209284446328673240e-01
1.301034178675533060e-01
-1.399815773324118440e-01
-7.699705580692202400e-02
-3.339175281378307658e-01
-1.437059369661163044e-01
-1.237357459814789756e-02
-1.341004004340831390e-01
6.662440154252449731e-02
9.159074098284092358e-03
3.538397553658245210e-04
-1.008914729170861946e-01
1.985030513759642734e-01
-1.274419456927592675e-01
-6.027958933509396100e-02
5.590939904677516559e-02
-8.506488598225915576e-02
2.421053406501278427e-01
4.786983818670453340e-03
2.990159149168251582e-02
-1.871875926128025169e-01
-1.073743259170512748e-01
-8.512424994966144576e-02
-6.770263365259364396e-02
-6.891959081550978750e-02
-1.554804342875873435e-01
1.617943990496174267e-01
-2.742100634286876448e-01
-3.932715685033395109e-02
-4.839518723318231297e-02
-2.702752326185851178e-02
1.440837081875107339e-01
-1.692841038478788140e-01
3.931559056353548659e-02
5.141801396535302521e-02
7.563902606187815347e-02
-1.794819338472848358e-01
2.996041077824400725e-02
-2.509405540888923550e-02
4.385887848047351732e-03
-6.697461573138190072e-02
-1.242366716172752378e-01
2.823412676195846335e-02
7.535704953345812029e-02
-9.585839381298834339e-02
-2.469346624787404354e-01
-3.616058135458530831e-01
3.444411964413523347e-02
-8.131259520541010699e-02
3.383994582836392928e-02
-2.203365216716032249e-01
1.491887037769491497e-01
-2.619023264349115143e-01
8.805816090767897009e-02
1.920207323458583137e-01
-1.200064103230818330e-01
6.375368990416831194e-02
-1.927772548682815112e-01
1.710996908210149214e-01
9.507153938069339005e-02
-1.376310384741585013e-01
-1.471702028147581220e-01
1.238757021706119454e-01
-1.114289155486496569e-01
-7.676704687330958288e-02
5.469830131879620250e-02
-2.721793749635297299e-01
-2.279302030478960845e-05
1.451873505764536831e-01
1.869914085611952548e-01
-1.924140162394231968e-01
3.730933755967263954e-02
-2.844492813136815790e-01
2.738928845624787889e-01
-1.937197493371906748e-02
-1.197428233223348376e-01
-2.273910877998062408e-01
1.152851732261590684e-01
7.799739595263653624e-02
-1.365985087434101741e-01
-4.015937733767751226e-03
2.512119217120504788e-01
6.797384284920827968e-02
9.124364744521641646e-02
-2.685636283510628997e-01
-2.719093456085112104e-01
1.172955746061980498e-01
3.889682089170877766e-01
-3.394980035540358654e-01
-2.008267463024621113e-01
4.745952516499216817e-02
-4.199935459586601888e-02
3.297769695403122703e-01
8.842819501095969259e-02
2.943865866881784643e-01
1.884903490933027559e-01
-5.158904134462406060e-02
-5.321181917098147945e-02
-6.036784885536830569e-02
7.588965130788409563e-02
2.549596736957260301e-01
3.380234406258012664e-02
-9.367145904050683258e-02
-6.630364285253460832e-02
2.799768952562285418e-01
6.674028576638751931e-02
-1.146651186849677179e-01
2.252040065206871097e-02
1.013103802773199363e-01
1.763816345808465469e-01
1.281194724058429095e-02
2.361706852381274813e-01
-1.497260006654801967e-01
-3.827994220053727858e-02
-1.153665914233774487e-01
-1.505140733649784623e-01
2.556679167274262046e-02
-2.285125639323472846e-01
3.192348820218174898e-01
-5.519820587185322869e-02
-4.544747874583988934e-02
2.945204506498073083e-01
-1.127017416645071518e-01
-1.938768526781606549e-01
6.722252918281014511e-02
1.766627179112583990e-01
2.044273950783207783e-01
-8.556301489644246860e-02
6.760148530031233338e-02
2.532267622340068636e-01
-3.156340268224875484e-02
3.091102321144250098e-01
1.327121797614443932e-01
-1.494003570494113198e-01
1.919176180304857093e-01
7.146715214561443798e-03
6.889856398881590016e-02
3.453451761379230933e-01
-3.388292662492712881e-01
2.255902591728534967e-01
-6.451952128619263538e-02
7.838096033790047101e-02
2.648073212376865840e-02
6.525495536647733796e-02
-2.710324637879996668e-01
3.249782751894249033e-01
9.805226379906976930e-02
-1.484702227947051478e-01
1.448661809558332743e-02
1.165931910012964201e-02
-1.187868822438580864e-02
-2.336744889563511229e-01
-1.772396943761429255e-01
-9.174351914606576619e-02
-1.836570159462395380e-01
4.092348022328295976e-01
-2.730334740973282617e-02
1.411613059708272944e-01
7.993071615771980831e-02
-1.736309411451664453e-01
-1.343821067065428254e-01
6.737583654968067048e-02
-5.225114394632349862e-02
1.220612992132993346e-01
-1.210191141962370098e-01
-1.461845828207850584e-01
2.316417067952894829e-02
-7.522820184442491342e-02
1.606845323679948756e-01
-1.355828648229812083e-02
-1.190492635759246055e-02
6.448422780940596399e-02
1.753314801420744473e-01
1.483780407511770261e-01
-6.629265055697488793e-03
-1.042928947095145137e-01
2.638413598174089714e-01
-2.447279608098127668e-01
-1.216810074755947241e-01
-1.448970149877446545e-01
5.425531303671779493e-02
-1.997171493111542795e-01
-1.477180769697589990e-01
1.706191751833185943e-02
4.356351281191337410e-01
-2.877472631449134455e-01
1.469402829159937030e-01
-9.606957598768019191e-02
-1.618631514010566708e-01
-9.436745077343143551e-02
1.219884253084685399e-01
-1.200858130367444959e-01
2.680253238237146340e-01
-4.841318917681263628e-02
2.558391736203128319e-01
-1.685480824253358101e-01
7.329497317564676040e-02
1.665353331892350797e-01
8.858398077459786468e-02
-9.644703087369412009e-02
-8.351994399665235713e-02
-1.759149111772348451e-01
-2.212142189677767379e-01
-1.403684473393232157e-01
-8.667671106062810327e-02
1.652593346231357174e-01
-2.508259166877256363e-01
1.349654238358362068e-01
-1.824079630974235477e-01
8.275594798492720561e-02
-1.649189783028373324e-01
1.855114235223735142e-01
1.563880386456362181e-01
-8.199952339130377188e-02
-2.151307542988002419e-01
1.945672477851397297e-01
2.692655063254026926e-01
-2.077123724132811378e-01
2.323393207856147280e-01
-1.866211178891414024e-01
-2.911137048347390843e-01
-2.894606726678489172e-01
-1.226112326823769055e-01
3.406882255785242952e-02
5.409060345887285737e-02
-9.678203016867219233e-02
2.852650643753814122e-02
5.365067948171476503e-02
-1.909499861800631124e-02
-8.656887968686198531e-02
1.069024967963897316e-01
1.996175301272752334e-01
-1.888669502932889821e-01
-1.338171233056639209e-01
7.874090386139406816e-02
-2.900783641731270457e-01
-1.885847722852936337e-01
-1.596211176205240279e-01
1.161186831142268089e-01
2.134453082213922173e-02
2.399303432838589822e-01
-2.067295369783922129e-02
3.772041156537076501e-01
3.765844849658928628e-01
7.283837687413300148e-04
1.814109715914599130e-01
1.183965877196700885e-02
-5.402367663351981264e-02
-1.594949003740315785e-01
-2.000216962510401875e-01
5.562052477015602681e-02
1.048580029742100239e-01
-1.450822824376808984e-01
-6.681369446513549248e-02
-2.854733894973473518e-01
-2.359515998469120246e-01
-1.179001789075463380e-01
-3.052546993582743937e-02
-2.601474658142158627e-02
-2.781003928083811139e-02
-1.160726591907606242e-01
7.695369292757739399e-02
-5.780714024771650174e-03
-1.508734439802673216e-02
-5.393835363295616109e-02
-3.065698373076709837e-02
1.473389420163797869e-01
1.182554692640607336e-01
-3.144879973629501058e-02
2.920770546006557500e-01
-1.484784138079034144e-01
-1.290019436718420343e-01
6.164664931966355732e-02
1.168577737999963555e-02
1.568537309911194055e-01
-5.909617973995209134e-02
7.425314408625841023e-02
-2.443321728592741104e-01
3.167103147837568855e-01
6.440756387643446768e-02
3.094708399278248839e-02
2.213729448110866860e-01
-1.928400603913529576e-01
-1.304180374232246642e-01
-1.686999467372722050e-01
7.888572519143642603e-02
1.464101681551436829e-01
9.235738838167512066e-02
-3.473525819139688248e-02
9.222530861942936087e-02
-6.961254720766195392e-02
-5.363686912013197750e-02
-2.052727416178727060e-01
-3.030677821301180908e-01
2.407992348935664509e-02
1.978904589362725785e-01
-4.862466972817141436e-02
-1.099593807604195422e-01
-2.606601333254082720e-01
-9.249875309855992711e-02
-3.780009175842179853e-02
-3.271587085246963067e-02
7.858646784690427600e-02
-3.262362331899711781e-02
4.484619878417937799e-03
-1.872639942251342615e-01
-1.903940110385913542e-01
-1.280781100524535851e-02
9.841874306355044219e-03
-3.136522172588122603e-01
-7.016452551489119407e-03
-4.642558383766874630e-02
-2.449893941563951669e-02
5.094341809227297124e-02
-7.915537025339371147e-02
-2.146719540566936479e-01
-1.338070483330657846e-02
5.573638809390114163e-02
2.566383281166055574e-02
-2.033030085707445422e-01
-1.920749685062853596e-01
-7.136031654305283189e-02
1.607344182348759976e-01
1.223895767478453134e-01
-2.376926243387079141e-01
2.311540455118580306e-01
7.151552224812095411e-04
-3.626396864938907783e-02
-2.158123003947058083e-01
3.892727246229035071e-02
-1.052341664523319120e-01
-8.785821305353838651e-02
-1.364059249357430226e-01
