# GABRA5
-7.821787252101811139e-02
1.129448755176336999e-02
-2.194161091308589884e-02
-1.365550550228486204e-01
5.051526347434379810e-02
1.412179675606317908e-01
1.106055553315465068e-01
-4.497519869766560680e-02
3.146735838825027720e-01
-8.454400894149677326e-02
-4.162827871792339901e-02
-7.336665719099687288e-02
-1.900485815562030223e-01
-8.345498623489690238e-02
-1.410314227651303653e-01
2.068358638358860357e-01
6.868923230064635788e-02
-4.098337327962473658e-02
-3.599229710871532650e-01
1.691585916440583037e-01
-1.539600084927889856e-01
-1.196638574337395844e-01
2.860910629937702954e-01
7.821285583107340234e-02
-1.153784629407418882e-01
7.569438364263950114e-02
-1.969848902847890493e-01
2.758620853010625429e-01
3.169719757301186491e-01
-4.711465987851712334e-02
-1.531299578623089575e-01
8.091913178106406590e-02
5.049957921618377504e-02
2.853645815714121459e-01
1.482235605002414081e-01
2.210881184523255938e-01
2.867663657904087615e-02
-2.149035430209298991e-01
1.568150577904032367e-02
2.997159542684148525e-01
3.015233688983771088e-01
-2.225098355621068710e-02
-1.643254605830422321e-01
1.213438214649350255e-01
4.815685983524823494e-02
5.740223602013563853e-02
1.260802375777727961e-02
3.417154224473604729e-01
-1.574545267847152485e-01
-1.030536350523448136e-01
-7.592186992495551789e-02
1.273499808134124500e-01
3.420145295100947558e-01
1.670811900369015557e-01
-1.182200431863396073e-01
1.262054044326010871e-01
1.112726217943589557e-01
-1.765358104565397657e-01
9.615219126263629956e-02
2.798310130223688463e-01
-1.946435540689716026e-01
2.210549578155528161e-01
1.069831104943899241e-01
-6.202595218461684490e-02
-2.503797668199938750e-02
1.738000710304222762e-01
-1.724526726273953869e-01
2.498923638874416819e-01
-9.538941642123806297e-02
-1.345508339529301149e-02
-8.995840573626079362e-02
1.772463703347718911e-01
1.074270723873546329e-01
-3.454777875335406784e-02
4.280060827080539587e-02
-9.856952947754299421e-02
1.607134357715601924e-01
6.080019981031943056e-03
1.993658586727475868e-01
8.220763187336692368e-02
6.627344567423214261e-02
-7.451063650441920594e-02
-1.132794966221142424e-01
1.508228937073600173e-01
2.517164902282348349e-01
-8.947871283789254893e-02
-1.788263221841521200e-01
-1.253289886469901859e-01
6.826878799499486172e-02
-7.738008081669688586e-03
2.537683294664051514e-01
-1.716143086431158316e-01
-3.018989465663054483e-01
-1.985341478312696306e-01
-9.550235754010795441e-02
4.527030854787126961e-03
-1.907362326093034188e-01
5.132207846071728044e-03
3.581468273367567623e-02
-8.882683083844598870e-02
-3.611391903818496618e-01
-1.622279579907258684e-01
4.920102818268126676e-02
3.523709609433683249e-02
2.016601573373235645e-01
-3.697915551677397050e-01
-1.019487570775126639e-01
3.242942552849664706e-02
1.384835226007298248e-01
2.320946393823996035e-01
1.258608415806689584e-01
1.984505993148426573e-01
3.104180456710298741e-01
-1.129446204607678778e-01
-2.176195328863192446e-02
-2.264831750102672403e-01
-3.431545119560724943e-02
-2.688315458676124314e-01
-2.681868074757092213e-01
1.485073709352289495e-01
1.388500718141206514e-01
5.981774190572736183e-02
-1.691829892650753564e-01
-2.126961878207068168e-01
3.257366291154880633e-01
1.291781300192247628e-01
-1.615277686847459496e-02
-7.596935063830533713e-03
-1.747345154414182977e-01
-3.012321916215866535e-01
-1.208462216592283000e-04
3.147284858955985976e-01
-1.213518102725662934e-01
2.913279620297854963e-02
4.223676676591002765e-01
2.165003512948389108e-01
1.968825341690162989e-01
2.005396442811568092e-01
3.254280558788995303e-02
-8.169316937768201017e-03
2.059620722949513649e-01
9.628036985131659120e-02
-1.232175486581817692e-01
-1.388799471317304079e-01
5.588987840380228202e-03
-1.265567777843884523e-01
1.379355005778302168e-01
1.571892567039603061e-01
1.065877146960820046e-02
4.834168718697270245e-02
4.657331137807339122e-02
-2.026579318870262436e-01
-9.083723819127771659e-02
-1.927903179175997905e-01
-1.578367514519897208e-01
1.326610917914875787e-01
-1.204791906693834513e-01
-7.029254572659794642e-02
-2.057075652582887881e-01
-3.432670855781715935e-01
9.921946530783837259e-02
2.648418870501065281e-01
-2.684032164468723169e-01
1.224094154647808463e-01
-1.584999770846484343e-02
-1.144927213522690390e-01
2.154805111561192421e-01
-2.790340769859580017e-01
-9.920169007818366302e-02
-9.342992954873573230e-02
-6.920679203868944362e-02
3.241916629626877544e-01
2.996648034082254747e-02
-3.351671202520896675e-01
9.000731488838967231e-02
2.351275944121449801e-01
-2.019042643008411853e-01
-2.434223195943425663e-02
8.483938190682049907e-02
-1.734716556753456429e-01
-5.530896512826438682e-02
-4.243021696191410369e-02
2.284257435068483624e-02
-2.634698632971877452e-01
1.371277636756260687e-01
-2.645124828512853202e-02
2.879753900418496326e-01
9.680316537660089982e-02
2.557579685271149650e-01
-2.948779325987027078e-01
2.356874528616004563e-02
-1.646506713152955381e-01
6.394570707442305546e-02
-2.471145955788266457e-01
2.714197499928411861e-01
-3.123238898834364008e-01
-2.224104501580533300e-01
2.455693205697011550e-01
-1.742630702993112624e-01
1.434213928089957679e-01
-2.985284230530814709e-01
-1.565262878307291383e-01
2.209222009177440049e-01
1.102829601642962148e-01
6.344677913677403136e-02
5.119173499952615891e-02
2.692870055547179065e-01
-2.426184561082823377e-01
3.321207172456058787e-01
-4.132762131014969947e-02
-1.411736440427494021e-01
-2.350954393289880207e-01
1.530349622477753524e-01
1.911571290721866268e-01
-5.961575071782190642e-04
2.139003760475841343e-01
2.580046935707170919e-01
4.529610554894470537e-02
2.403023258405083684e-01
2.883894284603631952e-01
2.132087722808690966e-01
1.101624976662467226e-01
1.060033528944357706e-01
3.145919613216677235e-01
9.901517951242765070e-02
8.962003596903751756e-03
-3.279707471539663327e-02
3.135684932392059782e-02
1.919119955476001060e-01
-4.099722745975659111e-02
8.863998663287735169e-02
-2.762082656226521049e-01
-2.280971328254507990e-01
1.790384385678721879e-01
2.822922558687980255e-01
-1.004352748535978189e-02
-3.290499794912299936e-01
-2.415273754306876755e-02
-2.399336995642140091e-01
1.878014584521109365e-01
3.635557556346601382e-01
-2.319337775616434616e-01
-1.606045452163814835e-01
5.186213725789336204e-02
-1.238676639722299799e-01
-3.030699735925973526e-02
2.412231833687269456e-01
1.582310585180984608e-01
-1.308539610194651148e-01
6.080270546375381169e-03
1.808489308649922356e-01
-1.961485081104914763e-01
1.643494742206525264e-02
-3.218561096129596844e-01
-2.558741577584702220e-01
-8.769279566422501226e-02
2.498713440212639303e-01
2.517641039838404704e-01
-5.159208905695308878e-02
1.649981575192840944e-02
-3.939494846651930837e-02
-1.005429768295580673e-01
7.068534685797850381e-02
1.849799705516302073e-01
3.534715962621240992e-01
1.001749967248807688e-01
1.476230976045892207e-01
1.122840905708311215e-01
4.026780571615107829e-01
-9.297316054409948682e-02
1.025058590856576107e-01
-2.970528932140326650e-01
-1.018722953149649585e-01
2.757723131011440287e-01
-4.333254526787590905e-02
3.365168586290959718e-01
2.050357419036301088e-01
3.603042022201326938e-02
1.722461916172554619e-01
-1.309426428411419041e-01
5.052144427274247312e-02
-1.844572969183208844e-01
-2.386262950945727823e-02
2.846728788878583605e-01
2.986994900272053194e-02
2.793269457846733750e-01
-1.755995350462302429e-01
-1.186765482316163578e-01
-1.194157571153166009e-01
-2.025376637301732896e-01
4.023605258476254942e-01
2.030447781762418358e-01
1.488624020654482349e-01
1.585798991254719348e-01
-1.702831965067950343e-02
4.781338334792911010e-02
-1.355913295345005480e-02
3.738559416056638773e-02
2.879536879062183363e-01
-3.261312239416995218e-01
1.061687113251575248e-01
3.677883759436645361e-02
1.572874249823493498e-01
-1.996132557652752770e-01
5.140146294546907996e-02
-9.611915166173456981e-02
-1.939334044417473715e-02
-2.551368611775567397e-01
1.356340996796496223e-01
-7.843196066650154341e-02
-1.938737090561074017e-01
-7.259969895601174616e-02
-1.821767211392604502e-01
-1.002476452291193865e-01
4.037169222550998637e-02
-3.434907214446197843e-01
-1.911367681236416649e-01
-2.385749373440118892e-01
2.210942259624628647e-01
8.513960520096411355e-02
-3.113032513786228028e-01
-1.175287087871200176e-01
-3.398430003945034777e-02
-2.123583711964375231e-01
-2.580193450063215932e-02
-1.489325249338626922e-01
1.871964002904644153e-01
2.426412928991220942e-03
-5.841421041405819858e-02
-5.699359948700424144e-02
-1.163276309691984867e-01
-8.868560508555124733e-02
-9.629827729617795526e-03
6.211969090328129522e-02
-3.161727511982230787e-01
1.014377068392783438e-01
-2.333648195645246226e-01
8.601405185068905501e-02
-1.591599778859162928e-01
-3.698284025966445676e-01
6.616653575195056980e-02
-1.553980411071404777e-01
-1.691847614052348625e-01
1.018571782385065128e-01
2.025390969175270561e-01
-4.705180815523622023e-02
2.774223609665505963e-01
-1.839755923534916182e-01
3.721979684426752755e-01
-1.258852327397133319e-01
6.150596657403433615e-02
1.248534056917525031e-01
6.745565061824225495e-02
1.175634475334231127e-01
1.067236946930926328e-01
3.085775841521157595e-02
-1.827051159605126707e-01
-3.091555217991077270e-02
-6.846302203684390131e-02
-9.911080030101616922e-02
7.818470516716009844e-02
2.008635496697046274e-01
-1.038676012363538501e-02
-1.942546600658105749e-01
-1.654481696846773209e-01
-1.599597876643708005e-01
-2.441738598470491461e-01
3.146354386294520494e-02
-2.078239967466226912e-01
4.038494648678753185e-01
-1.703676689466557537e-01
2.152691366188391464e-01
-1.081057295172917904e-01
4.817548090145216955e-02
2.172711907387064600e-01
4.628104607963867689e-02
3.248000793091478100e-02
1.396239804138740825e-02
-7.766585905165349080e-02
-5.692065307953970976e-03
-1.579841783235774733e-01
-7.968837609050488657e-02
-1.976508933793434675e-01
2.491256908410476589e-01
-5.044784423798050199e-02
-1.334493377997041097e-01
9.196165796309400953e-02
1.053647834549907153e-01
-8.674025393385181859e-02
1.175574528748183079e-01
2.077812729057148811e-01
-2.106309847389394030e-01
2.473400551756212151e-01
-6.904137014920100346e-02
-1.420928462429408290e-01
3.599164474718236084e-01
1.290106197250561471e-01
1.697503233006750489e-01
-9.340719259658065987e-02
3.246590947537445482e-01
-7.356507625429055397e-02
-3.865040685032257450e-02
1.801667794073374615e-02
-1.008046367028687801e-01
-1.065535717162992557e-01
2.023715840469773354e-03
-2.376730326419415618e-01
-3.122990713714587918e-01
-7.223138691440296466e-02
-4.216600862125517435e-01
8.196729773372576910e-02
-1.296994462882752885e-02
4.749668806643805863e-01
1.093615802804302067e-01
-2.746914236890720118e-01
3.104749825189173640e-01
8.047446892393035969e-03
-4.132177382918048592e-01
2.160353923834362200e-01
-2.039773469753010660e-01
1.227929837175152777e-01
-5.225885651747928101e-02
-1.580344731931416710e-02
-2.391449650952926498e-01
-2.104011707172226756e-02
-3.122336030404860852e-01
-1.223794797222222397e-01
1.638159416361077980e-01
3.415192537717188226e-01
-1.344261717456305127e-01
1.491784081486677849e-01
3.498199747692638528e-01
-7.026249113257648782e-02
-2.052414475189982476e-02
3.167591575441151310e-04
-2.159232499999050661e-02
-9.064875053712626030e-02
1.781094900084918831e-01
3.249789697342276296e-01
-9.032310110348955312e-02
-1.776349487142895311e-01
4.149345079927172983e-03
-3.697151033592691732e-02
1.235167103393046834e-01
-4.413233191929698609e-03
1.395237717521452363e-02
3.324769089041524905e-01
8.214102120861199730e-02
4.147688421229104444e-02
3.133974443622165179e-02
2.120668307704313693e-01
1.335748010839023503e-01
2.360906001251315833e-01
-9.996438594034250114e-02
1.754376629805251275e-01
2.445631433994271686e-01
-1.707509782860081038e-01
5.994001536371234423e-02
1.918283335372345244e-01
2.233860099153307521e-01
-6.326705285078750018e-02
1.844325186857417309e-01
-1.903242666386048831e-01
-2.833951812792863123e-01
-1.090380854332106408e-01
9.995747204819084575e-02
-3.977541931192357660e-02
-2.293182830781025361e-01
-2.201556155357975164e-01
-1.389005964280387029e-01
4.421884584826132891e-01
3.719245418043584106e-01
-3.282807206277804646e-02
1.696221313436903633e-01
2.037887407608393875e-01
-2.530261734909296512e-01
5.330067013656210329e-02
4.754607855316005799e-02
7.452517817547732459e-02
1.604989264393028719e-02
9.722994769642537630e-03
-1.099254996450401561e-01
1.210153447024212361e-02
-2.230350695996231036e-01
-2.621230720141933257e-01
-1.926125955402135936e-01
-1.585892878608634593e-01
4.422414775142248511e-02
2.379026178371379530e-01
-1.713198388351120649e-01
2.055373578674120350e-01
2.622239378584036440e-01
1.753978864447378050e-01
-1.145117871451772212e-01
-2.764909079976978767e-01
-2.153643560878032714e-01
-3.391580500044039659e-01
-3.258549869397540932e-02
3.848070829501689660e-01
-7.234631594720658532e-02
2.519227833309303222e-01
-3.320654435202539945e-02
-1.920832251074456598e-01
-1.386008073592482071e-01
-8.478345695805991622e-02
-1.867493985059196782e-01
-1.824592477818642311e-01
3.787697313663522247e-01
4.142196269084520016e-02
5.051577927016808606e-02
-2.053379741903767208e-01
-1.624659466364250515e-01
-7.160341461135368013e-02
-2.314272577099974471e-01
4.786249089276609775e-02
-2.032511196025545142e-01
1.937905182300404539e-01
-2.077225567190754130e-01
-1.291783525569318303e-01
-1.596403933592652480e-01
-1.965489477902657711e-01
-5.020825318884657856e-02
4.825603209689897227e-02
3.934386201044194897e-01
-2.127641816293174559e-01
2.442433303764001973e-01
-7.795878388614608384e-03
-2.137631159861338725e-01
2.026364777742095669e-01
-1.606826336557533874e-01
1.589234082986371033e-01
-6.551290093891407040e-02
-2.210108294742523048e-03
1.587684008847451145e-01
2.195937148305878439e-01
-1.712331001620494009e-01
2.951280494325037584e-01
-2.825669555499453756e-01
1.190811387389255072e-01
-1.256924438155680723e-01
-1.367200091218534475e-01
2.432139312241435869e-01
2.228256076153166954e-01
2.609864753399542825e-01
3.833100505321657692e-01
3.283653747126197286e-02
-1.538867680353242784e-01
4.028173143946401913e-01
3.346057178362673024e-01
5.498496913922868573e-02
1.463036542290251929e-01
-2.022458563618687588e-01
-1.403245193823435821e-01
6.595046093650872021e-02
-5.798518977802664259e-02
-1.451781845293057260e-01
2.203956340126094204e-01
-3.334923430699772706e-01
-1.221964395125345604e-01
1.336232268369701992e-01
6.778497242877306456e-03
2.056826879848579759e-01
8.808075019122986460e-02
-6.834051257419553049e-02
-2.633579507926068868e-03
-6.338003421115652458e-02
8.439806655283252357e-02
2.002354641206867958e-01
2.996139193130026857e-01
6.138173434661355066e-02
2.818311816232731415e-01
-2.117135695472873447e-01
1.879138490294202934e-01
1.859933515981582741e-01
-4.062569041739320236e-02
1.420397853107863428e-01
1.600582235964959354e-01
-3.076287067258141050e-01
3.744445426823250211e-01
-1.450128583554065147e-02
3.674920123612712697e-02
2.973425918000613954e-01
-1.534383541348263991e-01
5.497799369369065631e-02
2.834273343443545756e-01
-2.365986680924841296e-02
-1.261070365580465036e-01
2.751995779769039752e-01
-7.954413612504929176e-02
-4.003490465275014176e-02
2.785512514570971931e-01
1.262856128922674182e-01
1.703932430274988086e-01
2.030052272987870887e-01
-2.459088982147367985e-01
-1.548465694318109376e-01
-3.323100532513843103e-02
-2.551891895034890667e-01
-4.565219922755503652e-03
-6.751342230470178118e-02
-9.193677521376791839e-02
1.050540262120633478e-01
-6.548451453116843624e-02
7.221766162846607329e-02
-5.801631319883480964e-02
1.039384746061708525e-01
-1.649674170898234871e-01
2.077994007644686780e-01
-1.438030365974881930e-01
-1.828754913030086748e-01
1.451374379853055674e-01
-6.317415561240721789e-02
-1.568739343094903427e-01
9.764863139602335262e-02
1.967328562463190132e-03
-1.151619341342269426e-01
1.224537272081991229e-01
3.525457634122028949e-01
-7.848704080516993864e-02
-3.115056970157277783e-01
-2.423968113964476701e-02
1.710129599924931909e-01
9.226850101068688123e-03
2.030894726081547697e-01
-2.477007651609217376e-01
-2.716311919845093917e-02
-7.352806833829700350e-02
1.743408997175827368e-01
3.930531112019221562e-01
-5.099283414369182310e-02
-1.184914941851966941e-01
-2.155389011800062926e-01
-6.869799605412542365e-02
-1.045324566772480451e-01
-1.305683058032703348e-01
-1.963147444462634839e-01
3.629131496571162620e-04
1.204043134322577979e-01
2.158617152353055069e-01
-1.997956330268856606e-01
-2.666775892308343443e-01
4.574930729824436965e-02
3.302587849775493467e-01
3.387844356856126171e-01
-1.864588006313499802e-01
1.303955114605073566e-02
-1.721041339719583396e-01
1.283108073141693006e-01
1.505640943984028202e-01
4.012454766502378256e-02
2.155325557382869461e-01
-1.874749685985249159e-01
-2.183181439642743471e-01
-1.646651716940663868e-01
-2.285257140643378870e-01
-1.258587181548637413e-01
-2.914245525236928702e-01
-1.699390999018112469e-01
7.104453332313109479e-03
1.489577899232867042e-01
9.719484827417901318e-02
1.663088040547918978e-01
-2.140969102130926005e-01
2.419546009796070263e-01
-2.370274331006762547e-01
-5.183616562848683551e-02
6.490684224972660676e-02
-1.843191205596005355e-01
-2.107372360990959759e-01
-2.967621531432991788e-01
-2.408204640561373289e-01
1.055015150378619537e-01
8.522514038152763372e-02
-1.630410282352772466e-01
2.056083252127830219e-01
-1.643540425706281338e-01
1.242121245829447135e-01
-1.482036570967938116e-01
2.020041638996276923e-01
-1.350832089281920056e-01
-2.791494764936422457e-01
-1.082722429710911149e-01
-2.201591366317373066e-01
2.256370558380679237e-01
-1.739136544827235564e-01
2.776286834417811267e-02
2.003825823732652556e-01
-6.345804861111525863e-02
-1.755128103278972285e-01
-6.271672936181391100e-02
-2.056392362315676570e-01
-6.609174526242747594e-02
3.375301828011760541e-02
-1.024197101140099375e-01
-6.860677826485524211e-02
9.123503461801926728e-02
-3.002175632804249261e-01
9.983854020714898192e-02
-1.551083152439885343e-02
1.606589237788115798e-01
-7.610243833621718745e-02
-2.703270777869191677e-01
1.958523900959191835e-02
-3.023843259835101160e-01
-2.268874180936107654e-01
2.344448874970124774e-01
4.666701505406890826e-02
2.227413927119912262e-01
-1.314669082217153062e-01
5.132244021560544017e-02
5.340871400755793641e-02
6.361133291313370020e-02
-3.696927549088518949e-02
1.715507548674508331e-01
1.264318206043525405e-01
-2.745982606047963070e-01
4.848654523597172548e-03
1.136055336698558460e-01
2.316304046745880918e-01
4.112998132263687712e-01
3.215901151496217691e-01
-1.587248022536939807e-01
6.511837488312681443e-02
1.526690677474474012e-01
8.219848158559966977e-02
3.369872723639402712e-01
-1.792015172432156744e-01
2.252518981641299656e-01
-1.032169207129700061e-01
1.567448032503392652e-01
5.645898128393840587e-02
-2.179426825345056606e-01
2.476177053983460163e-01
5.612083840437301352e-02
-2.104364065067328843e-02
5.022074919081460226e-02
2.819468452677277304e-01
-3.209991527305618431e-01
-4.095830657851694256e-02
-8.750842196958692754e-02
1.043794979096608205e-01
-1.098051290900581151e-01
-2.569241217479588668e-01
-1.233885852006198075e-01
3.911285805059194765e-02
-1.906101255693020205e-02
-3.979433769376004154e-02
8.204790910125668579e-02
-7.825444536753647928e-02
-1.081171557213164297e-01
-1.475333007144037090e-01
1.395109566853334482e-01
-4.547049500904891406e-02
9.700718575646481712e-02
-8.623112780715939951e-02
-1.954782289685240704e-01
-1.011263747644423477e-01
1.913145281429022571e-01
1.831254369602352272e-01
2.601610478597223275e-01
1.104704480065194228e-01
-1.830000527584968797e-02
-1.766720962789587734e-01
-4.802923453992929970e-02
3.099473669094590308e-02
1.001625321020340603e-01
-6.532590172835468778e-02
-2.113539600276866381e-01
5.504755396737135570e-02
1.473821901530731893e-01
3.227187312222925542e-01
2.266956526031629615e-01
-1.770108993167635036e-01
-1.170150515350862619e-01
-1.602984609847742936e-01
-9.535060023174850297e-02
-2.231879629140250398e-01
2.786300647118010732e-01
1.618252183193521210e-01
3.901917188335226050e-01
9.522552832810272927e-02
6.397518243809882481e-03
-9.763776912567474764e-02
-6.040907680138359048e-02
6.933137588916610250e-02
-1.094092284427161527e-01
-6.946896946987271559e-02
-1.137402508169802207e-01
-7.440553643595367028e-02
-1.278137571171020226e-01
1.429014095449560873e-01
7.274910955630731202e-02
1.761970557995239106e-01
-1.405716666714759144e-01
-8.068102465507505372e-02
-2.671761358871297398e-01
-7.029075932321790510e-02
2.313884737549736226e-01
-2.406146982284672331e-02
7.754778385614980417e-03
-2.856963348944585035e-01
-1.944976367336989642e-01
2.611916069289991205e-01
1.440403192090056184e-01
3.083146785929632983e-01
-3.500070456571836158e-02
-4.344842314325279842e-02
-4.018968801467870389e-02
1.723744912440634824e-01
5.424211094758190493e-02
9.635089990576731211e-02
1.908060622396403061e-01
-8.257763130864287371e-02
-1.293665198386433936e-02
2.240764128198110550e-01
1.261171145225754020e-01
1.742095460923302058e-02
1.271457643435557928e-02
7.537293540774626932e-02
8.791231537210010549e-02
1.901077565741537134e-01
-3.984007086674282161e-02
2.562645005591818737e-01
-8.778042293084448167e-02
-3.312915739792667846e-01
-2.062105846284511060e-03
2.811656741146860428e-02
1.991301886408902450e-03
-1.561935994851494994e-02
2.882541602973253680e-01
1.561751161644185371e-01
4.136905777418842245e-01
9.515540452041713155e-04
1.754864174517077879e-01
-5.820508654513475294e-02
-7.276868374795002203e-02
3.136023807525921692e-01
1.637054078826775949e-01
2.330640544173284145e-01
8.911978130989935132e-02
-2.530667406337595571e-01
4.731658542300450770e-02
2.727517706757167648e-01
-2.252080304788607601e-01
-9.721779163383880915e-03
6.695118089686435958e-02
5.657775686883937533e-02
6.602172932281725895e-04
1.856621315042218667e-01
-1.566672156214913431e-02
1.788632914889335401e-01
-1.969569373116735744e-01
2.116958851513647301e-03
3.189271778106036459e-01
-2.697988837276648622e-01
-6.066084211939361953e-02
-2.479314830004914483e-01
1.350084748199184836e-01
-1.196866140611991813e-01
-9.685939496587292474e-02
-6.121614917498578723e-02
1.133502485675080551e-01
1.008248888506071139e-01
2.051733820633744598e-01
-1.444195972084766910e-01
1.187195849783579116e-01
2.855221641343940187e-01
1.308649522458279202e-01
6.449607110188050607e-02
9.666692366809842563e-02
-1.384096071907779946e-01
-7.640832564853286546e-02
3.438372283225921699e-01
-8.317594447888262965e-02
1.479949028615873130e-01
1.900646855652076139e-01
2.125854358617293785e-02
-1.099383624071206683e-01
-8.802573745578229358e-02
-1.263885831022986961e-01
7.543557893742942888e-02
-9.516939916552312473e-02
2.325839765693986649e-01
5.953575440859525114e-02
4.874665105249867958e-01
3.031895873043995437e-01
2.185998618454305376e-01
-3.538023026263946713e-01
-4.780288617334341877e-02
-3.959669419920883865e-02
-1.856213647433916092e-01
-1.161465444111997730e-01
-6.679481144274536375e-02
-2.723975355396791032e-01
-3.010690758117069987e-01
1.043590942825398105e-01
3.161817968775064158e-01
-2.272645312054960565e-01
1.679971374071429491e-01
-8.072468191709147867e-02
-4.928718008038569798e-02
-1.167316637789576339e-01
-2.646423935764081747e-01
-1.730014049307096458e-01
-1.831613227080377271e-01
-2.321181332715004930e-01
-6.857274568226177924e-02
-2.556884071068988851e-01
3.228084811594767456e-01
1.330676876941414011e-01
-5.761265372768697990e-02
-8.667986702837927881e-02
-1.550876075344180260e-01
-2.400581850910910031e-01
-2.005989934718168440e-03
-9.369656825898027563e-02
-2.022305039916812708e-01
2.124210889324440119e-03
-2.965028552214242219e-01
-1.967513113179192655e-02
-1.681343930208956117e-01
2.379834820274488449e-01
-3.312602345404752624e-01
-3.206506293673096197e-02
1.172617526501163084e-02
2.444693789855202082e-01
1.550674398514589603e-01
-8.157211937227309972e-02
-2.535528620306503819e-02
4.827900755935311122e-02
-2.767522799344689088e-02
5.508899214431536850e-02
2.783270835637147167e-02
2.478022608125843573e-01
-1.095109459455359258e-01
-1.168317591071321021e-01
-2.668732576341691781e-02
2.927995466697879134e-01
-4.407606828436832352e-02
2.977731702794487664e-02
2.878902381148938650e-02
1.154071077899978676e-01
-1.334941270666509805e-01
-3.162203541273036350e-02
2.302609902598885816e-01
7.271829979367334940e-02
-2.288609635525870600e-01
1.681883756941929819e-01
-7.714657771097149785e-02
-2.780514098710105686e-01
-2.746753151154657929e-02
2.887358506388498780e-01
-1.988833873353255399e-01
-1.319863049355423090e-01
-6.705411424085525041e-02
-1.438742926532355915e-01
2.791853868447321391e-02
1.886755199401754513e-01
2.469226451919170617e-01
3.634898923311674079e-01
-3.487872547849971694e-01
1.146619747648709303e-01
-3.013712642871823610e-01
7.433836102363934476e-04
-3.946999989073201459e-03
-2.361511423522400788e-01
-8.004162070050201139e-02
-2.035610149230337729e-01
-6.077368883231690916e-02
-2.180080229595608987e-01
4.230277238617831392e-02
-1.683802700392239560e-01
4.042295877305189522e-02
-4.646742870213464716e-02
-1.811354970705927048e-01
-1.949195384636621398e-01
1.551888288677560623e-01
-4.339278050205348791e-02
-3.428458231757761099e-02
-1.136406472587288136e-01
-3.521354706012481128e-01
1.338279015148334805e-01
2.692822222159712009e-01
1.037676779826511055e-02
-3.832804707911377506e-02
-2.160326529286092645e-02
-2.079363870088248578e-01
8.932090020294754240e-02
-7.977234039414139721e-02
1.904109843989656992e-01
3.692609690616768803e-01
2.523576535994045966e-01
-2.613928104048902634e-01
1.910520370439185989e-01
-1.760992183338999373e-01
5.451605127802711115e-02
-4.725399342514143702e-02
-2.660286183124332959e-01
8.833127464235850101e-02
8.065427560822711894e-02
